1,1037
1,3553
2,102
2,464
2,724
2,903
2,6038
2,7934
2,8223
2,9358
2,9416
3,178
3,5587
4,7259
5,964
5,2944
5,7877
5,8097
6,8630
6,9442
7,3770
7,6977
8,2592
8,6602
9,327
10,7145
11,5186
11,6983
12,13
12,76
12,216
12,520
12,1011
12,1090
12,1551
12,1631
12,1698
12,1748
12,1898
12,2341
12,2381
12,2469
12,3225
12,3364
12,4167
12,4886
12,5197
12,5503
12,5686
12,5699
12,7406
12,7577
12,8174
12,8319
12,8372
12,8488
12,9314
12,9699
12,9815
13,617
13,1011
13,1090
13,1748
13,1898
13,2617
13,2939
13,3225
13,7406
13,7577
13,8319
13,8372
13,9098
13,9699
14,4792
15,5108
15,7275
16,346
16,641
16,1353
16,1817
16,5681
16,7282
16,8696
17,284
17,923
17,4684
18,3284
18,3979
18,4094
18,5965
18,5974
18,7668
18,7866
18,8830
18,9016
19,398
19,8583
19,8648
20,5372
20,5959
20,8993
20,9036
21,183
21,539
21,2520
21,3621
21,4144
21,4273
21,4341
21,4732
21,7024
21,7038
21,7733
22,8287
23,9191
24,2309
25,1636
26,179
26,2763
26,7956
27,81
27,323
27,4172
27,7982
28,2018
28,5048
28,6136
28,7589
28,9488
29,245
29,1471
29,9657
30,1012
30,5858
31,4135
31,7419
32,713
32,6233
32,6982
32,9177
33,520
33,1003
33,1748
33,2093
33,2841
33,3341
33,3539
33,3661
33,5822
33,6102
33,6112
33,6367
33,6372
33,8122
33,9517
34,2379
34,7613
35,66
35,1225
35,3080
36,2254
36,3634
36,8247
37,668
37,5282
37,9760
38,325
38,1725
38,4458
38,5013
38,9264
39,839
40,350
40,2096
41,2500
42,599
42,3218
42,5917
42,9091
43,78
43,1567
43,2376
43,2712
43,3091
43,3512
43,3592
43,4214
43,4995
43,6380
43,6437
43,7491
43,8342
43,8370
43,8778
43,9076
43,9492
44,8563
44,8899
45,3337
45,4818
45,9441
46,2360
47,939
47,1802
47,2990
47,3258
47,3590
47,4539
47,4870
47,5178
47,6425
47,6797
47,7367
47,9057
48,3299
48,8257
49,8835
50,4815
50,6120
51,2940
51,4301
51,8211
51,9100
51,9111
51,9193
52,737
52,839
52,1375
53,1531
53,2291
53,5996
54,7406
54,7785
55,2150
55,4291
55,5905
55,6018
55,7398
55,8152
55,8567
56,2257
56,6880
56,8132
57,6970
57,7914
57,7947
57,9703
58,724
58,935
58,2523
58,8744
58,9416
59,3240
59,3601
60,528
60,7996
61,125
62,1326
62,2952
62,3484
62,6179
62,7144
62,9513
63,744
63,862
63,899
63,939
63,949
63,1542
63,1676
63,2296
63,2362
63,2587
63,2660
63,2777
63,3445
63,3554
63,3615
63,3789
63,4668
63,5310
63,5325
63,5403
63,5483
63,5735
63,6106
63,6583
63,6787
63,6872
63,6985
63,7111
63,7362
63,7450
63,7699
63,7950
64,7430
65,669
65,1505
65,7442
66,794
66,1225
66,2792
66,3936
66,6214
67,9764
68,319
68,2516
68,2767
68,5246
68,6644
68,8631
68,8851
69,8277
70,191
70,2830
70,4904
71,5675
71,5784
71,8052
72,2167
72,3779
72,4975
72,5407
72,5996
72,7617
73,231
73,539
73,771
73,2175
73,4124
73,5592
73,9355
73,9531
74,96
74,7316
75,2134
75,3182
75,3745
75,3880
75,5027
75,6430
75,7009
75,7509
75,7563
75,7678
75,8605
75,9428
75,9506
76,1012
76,4167
76,5686
77,764
77,9442
77,9692
78,2900
78,2994
78,3512
78,3884
78,4033
78,4277
78,5048
78,5573
78,5615
78,6555
78,6914
78,7844
78,8062
78,8476
78,8859
78,9076
79,5607
79,7075
79,7626
80,9731
81,177
81,178
81,583
81,2763
81,4171
81,4172
81,7982
81,8582
82,178
82,4172
83,1220
83,2617
83,3013
83,3775
83,6786
83,7910
84,1194
85,266
85,1322
85,1589
85,1641
85,2403
85,8424
86,1243
86,1283
86,3264
87,1872
87,3958
87,9654
88,1872
88,3958
89,377
89,2231
89,9478
90,1203
90,1706
90,5892
90,6694
91,8248
92,1133
92,2537
92,2970
92,6220
93,231
93,1558
93,2858
93,6263
93,6916
93,7210
93,7338
93,9078
94,522
94,735
94,2016
94,2313
94,2497
94,2669
94,2882
94,3065
94,3207
94,3693
94,3938
94,4359
94,4547
94,4585
94,5151
94,5473
94,6397
94,6463
94,6630
94,6724
94,7072
94,7734
94,7805
94,7889
94,8132
94,8300
94,8301
94,8302
94,8456
94,8753
94,9492
94,9603
94,9641
95,181
95,6292
96,1132
96,2860
96,3873
96,3888
96,4232
96,7316
96,7691
97,5853
97,7497
97,8595
98,1810
98,2091
98,4161
98,9001
98,9639
99,589
99,1446
99,1839
99,2306
99,3514
99,3743
99,3757
99,3860
99,4206
99,4209
99,4396
99,4494
99,4746
99,4754
99,5917
99,5990
99,6084
99,6311
99,6312
99,6481
99,6636
99,7201
99,7252
99,7300
99,7794
99,7946
99,8028
99,8151
99,8313
99,8372
99,8679
99,9445
99,9510
99,9594
99,9596
99,9668
100,1316
100,6364
101,1497
101,1499
101,6559
102,464
102,724
102,7934
103,830
104,1819
104,4088
104,4255
104,6182
104,6187
104,8943
105,3031
105,3696
105,6936
106,7366
106,7508
106,8874
107,655
107,3222
107,5456
107,6785
107,8628
108,224
108,2016
108,2080
108,2479
108,3875
108,4271
108,4748
108,5407
108,5420
108,5534
108,6070
109,2587
109,4321
109,7495
109,7665
110,3290
111,4488
111,7075
112,1813
112,3960
112,7367
113,222
113,1508
113,1664
113,1748
113,1753
113,3015
113,3276
113,4001
113,4784
113,5107
113,5701
113,6185
113,6859
113,8355
113,9173
113,9191
114,1266
114,3981
114,7270
115,1429
115,1818
115,2744
115,4630
115,6884
115,7907
115,7989
115,8214
115,9856
116,4486
116,9267
116,9268
117,674
117,8024
118,174
118,1583
118,1885
118,5720
118,8745
119,2331
119,9379
120,5166
121,321
121,516
121,2086
121,4529
121,4549
121,9827
122,1831
123,9286
124,5707
126,5294
126,5315
127,3160
127,3990
127,8572
127,9032
128,687
128,872
128,2731
128,3251
129,984
129,4748
129,8610
129,9325
129,9673
130,8389
131,1667
131,5045
131,6621
132,1159
132,1278
132,2861
132,3050
132,4999
132,8911
132,9072
132,9170
133,913
133,2442
133,6869
133,7452
134,5387
135,1739
135,4407
135,7707
135,9362
136,1050
136,4902
136,7300
136,9043
136,9693
137,1479
137,1733
137,2324
137,2917
137,4569
138,507
139,1133
139,2542
139,5113
139,7137
139,8192
139,8911
140,5134
141,216
141,1318
141,1748
141,2301
141,2875
141,4775
141,7037
141,8121
141,9079
142,346
142,657
142,2050
142,3354
142,7267
142,7741
142,9062
142,9539
143,4687
144,1185
144,1343
144,3070
144,3815
144,5261
144,6039
144,6043
144,8627
145,184
145,261
145,447
145,904
145,2457
145,2501
145,3621
145,5151
145,6260
145,7024
145,7036
145,9050
145,9233
146,908
146,909
146,2285
146,6620
146,8623
147,256
147,541
147,1178
147,2525
147,6618
147,6684
148,2447
149,493
149,7219
150,5420
150,6260
151,2307
151,6160
152,1151
152,1404
152,2263
152,2548
152,2551
152,3038
152,4283
152,5157
152,5476
152,5624
152,5784
152,6895
152,7155
152,7720
152,7787
152,8209
152,8469
152,8824
152,8934
152,9512
153,3005
154,1638
154,1897
154,6971
154,7911
155,8708
156,3146
156,4452
157,1012
157,2111
157,2112
157,4904
157,5113
157,8228
157,8315
158,1010
158,2292
158,4444
158,5407
158,6890
158,7524
158,7645
159,2451
159,2462
159,7381
159,7803
160,4394
160,7842
160,9691
161,4873
161,6699
161,9134
162,490
162,2870
162,3678
162,5760
162,5957
162,6831
162,7139
162,8416
162,9622
163,6026
164,6901
164,8862
164,9064
165,734
165,1753
165,1969
165,2228
165,4427
165,4615
165,5464
165,5746
165,6507
165,9059
166,1316
166,2384
167,844
167,1314
167,2968
167,3706
167,4790
167,4791
167,5192
167,6502
167,6972
167,8269
167,8275
167,9243
168,4262
168,4754
168,4800
168,5226
168,6952
168,7069
168,8476
168,9451
169,4598
169,4899
169,6248
170,562
170,2596
170,4620
171,172
171,423
171,1837
171,2792
171,2927
171,3543
171,3758
171,3935
171,5004
171,5073
171,5631
171,6780
171,7074
171,7305
171,8284
171,8569
171,8756
171,8758
171,8760
171,9003
171,9018
172,6780
172,9003
173,7234
173,7585
173,9222
174,4153
174,4544
175,2940
176,4263
176,4837
177,4172
178,323
178,327
178,4038
178,4171
178,4172
178,7230
178,7485
178,7498
178,7982
178,8826
179,323
179,932
179,1014
179,2308
179,2695
179,2763
179,3739
179,4085
179,5213
179,6463
179,7466
179,7999
179,9618
180,5053
181,2407
181,3292
181,7173
181,8210
181,9346
182,601
182,2042
182,2195
182,5416
182,6468
182,6692
183,2993
183,3621
183,4273
183,7024
184,261
184,825
184,2457
184,6260
184,9624
185,1097
185,4607
185,6715
186,7916
187,2077
187,5711
188,924
188,1130
188,1685
188,6385
188,7767
188,9195
189,1126
189,1331
189,1843
189,2778
189,3361
189,6512
189,6572
189,6847
189,7226
189,8415
190,1017
190,2529
191,627
191,1317
191,1483
191,1710
191,2830
191,2875
191,4654
191,4982
191,5459
191,6204
191,6473
191,7182
191,9456
192,6101
192,7312
193,3579
194,3811
194,5469
194,6423
194,8127
194,9427
195,960
195,1250
195,1637
195,2347
195,2641
195,3684
195,5285
195,6890
195,8117
195,8667
195,9029
196,1993
196,5171
196,5462
196,7621
197,456
197,6083
198,1069
198,2099
198,2292
198,4631
198,9345
199,2957
200,8148
201,5669
202,3775
203,1649
203,1799
203,2521
203,4193
203,7444
203,8770
204,1364
205,5620
206,611
206,2260
206,2884
207,2682
207,5287
208,6134
209,210
209,481
209,539
209,639
209,640
209,1337
209,1683
209,1952
209,2181
209,3279
209,3747
209,4439
209,4955
209,5003
209,5178
209,5250
209,6625
209,9144
209,9287
209,9699
209,9715
209,9868
210,303
210,481
210,539
210,932
210,1337
210,1345
210,2000
210,2627
210,2878
210,2941
210,3371
210,4793
210,5003
210,5190
210,5287
210,5420
210,5469
210,6423
210,7190
210,9179
211,1509
211,2473
212,2381
212,3013
212,4611
212,6365
212,6696
213,2360
213,3084
213,4921
213,8155
213,9468
214,1601
215,627
215,768
216,1748
217,1775
217,1849
217,2080
217,2875
217,6699
217,6824
217,8121
218,1097
218,2441
218,3709
218,5081
218,6324
218,7667
219,2343
219,3406
220,680
220,1274
220,4783
220,7406
220,7785
221,7466
222,230
222,346
222,406
222,783
222,795
222,970
222,1129
222,1238
222,1405
222,1581
222,1591
222,1634
222,1779
222,2088
222,2228
222,2292
222,2614
222,2766
222,2789
222,2984
222,3168
222,3210
222,3246
222,3306
222,3469
222,3542
222,3627
222,3796
222,3833
222,3871
222,3889
222,3929
222,4027
222,4092
222,4444
222,4466
222,4491
222,4956
222,5107
222,5141
222,5322
222,5626
222,5791
222,5984
222,6149
222,6187
222,6363
222,6735
222,6989
222,7348
222,7660
222,7687
222,7688
222,7880
222,7881
222,7907
222,8308
222,8571
222,8786
222,9191
222,9339
222,9389
222,9418
222,9667
222,9731
223,2131
223,2745
223,4383
223,4742
224,363
224,478
224,688
224,1096
224,1761
224,1877
224,2010
224,2167
224,2765
224,3013
224,3567
224,4271
224,4341
224,4453
224,5034
224,5134
224,5407
224,5990
224,5996
224,6070
224,6245
224,6786
224,7252
224,7350
224,7391
224,7910
224,7926
224,8571
225,1153
226,2275
226,2315
226,4981
226,6440
227,544
227,1003
227,1775
227,2298
227,3356
227,8764
227,9517
228,3073
228,6402
228,8248
229,3661
229,6017
229,7220
229,9517
230,417
230,678
230,795
230,981
230,1312
230,1545
230,2276
230,2432
230,3203
230,3245
230,3469
230,3542
230,3627
230,3833
230,3929
230,4092
230,4466
230,4491
230,4956
230,5107
230,5244
230,6187
230,6363
230,7842
230,8744
230,8786
230,9339
230,9667
231,1482
231,3157
231,9078
231,9313
232,993
232,5047
232,6299
232,7995
233,5149
233,6103
233,8553
234,2833
234,6360
235,4235
236,9851
237,3725
237,3747
237,8647
238,2716
238,3705
239,725
239,2122
239,2340
239,2855
239,5427
239,6260
239,6381
239,6615
239,7197
239,7837
239,7971
239,8562
239,8910
239,9874
240,8969
241,5858
242,3777
242,6640
243,293
244,885
244,3834
244,6363
245,1471
245,2949
245,3181
245,6179
245,6912
245,8404
245,9657
246,621
246,720
246,916
246,1016
246,1294
246,1861
246,2193
246,3205
246,4119
246,4159
246,4744
246,4896
246,5058
246,6379
246,6489
246,7260
246,7698
246,8138
246,8239
246,8691
246,9505
247,2337
247,8871
248,905
248,2990
248,8427
249,568
249,1607
249,3146
249,3443
249,4298
249,4977
249,5817
249,5873
249,6633
249,8690
250,1088
250,3899
251,3970
252,2647
253,5149
253,6100
254,2359
254,2544
254,5805
255,888
255,1511
255,1555
255,2500
255,3341
255,3806
255,6813
255,7343
255,7628
255,8863
255,9098
256,3085
256,6618
256,6684
257,511
257,7193
257,8321
258,1715
258,4277
258,5048
258,5606
258,7453
258,9617
259,573
259,1844
259,2018
259,2328
259,6451
260,2028
260,3838
260,9835
261,6260
262,736
263,757
263,1336
263,1613
263,1795
263,1879
263,2352
263,2513
263,2786
263,3057
263,3366
263,4937
263,5111
263,5606
263,6971
263,7612
263,8262
263,8905
263,9137
263,9864
264,1214
264,1823
264,2774
264,3700
264,6195
264,7355
264,8266
264,8309
264,8353
264,8755
265,551
265,3887
266,1322
266,1589
266,1641
266,2403
266,8424
267,1901
267,8808
268,287
268,345
268,785
268,857
268,1768
268,2067
268,2445
268,2611
268,6942
268,7510
268,8371
269,2393
269,6775
269,7563
270,3879
270,8105
271,4679
272,5207
273,3561
273,4622
273,5925
273,6633
273,7133
273,7460
273,9865
274,7300
274,9102
275,606
275,1787
275,5138
275,6576
275,7981
276,1941
276,2946
276,8778
277,8551
278,2402
278,5193
278,5195
278,7356
278,8270
278,9694
279,806
279,2209
279,2513
279,2518
279,2808
279,3022
279,3866
279,4111
279,6724
279,6927
279,8312
279,9700
280,2167
280,5996
280,9259
281,402
281,499
281,1301
281,3066
281,5245
281,8208
281,8332
282,4275
282,5475
283,2215
283,2747
283,8876
284,923
285,4005
285,6733
285,7964
285,8263
286,7447
286,8865
287,341
287,444
287,685
287,1768
287,1877
287,1940
287,2067
287,2099
287,2258
287,2352
287,2445
287,2713
287,2824
287,3667
287,4235
287,4439
287,4703
287,5417
287,5606
287,5817
287,5893
287,6002
287,6271
287,6456
287,6577
287,6832
287,6900
287,7031
287,7282
287,7510
287,8484
287,8641
287,8693
287,8840
288,6978
289,677
289,1363
289,2328
289,3262
289,9692
290,1036
290,2113
290,8147
290,9818
291,1065
291,3449
291,5989
292,933
292,5505
293,1063
293,1137
293,1747
293,3268
293,5038
293,6616
293,6827
293,8948
294,2385
294,3211
294,3421
294,5038
294,6827
294,8908
294,8981
295,765
295,3425
295,9615
296,4332
296,6202
296,8508
296,8791
297,3722
297,3736
297,4088
297,4255
297,6187
297,8590
297,8943
298,1907
298,3517
298,5773
298,8323
298,8518
298,8600
298,8654
298,8724
298,8854
299,2837
299,3436
299,4203
299,4825
299,5940
299,9762
300,2459
300,3228
300,4202
300,5983
300,6349
300,7668
300,8638
300,8650
300,9285
300,9579
301,4332
301,5340
301,9102
302,1114
302,3727
302,3731
302,4203
302,5096
303,2627
304,4058
305,1156
305,1193
305,2882
305,6407
306,2131
306,7515
307,1421
307,1549
307,1970
307,2058
307,6269
307,6908
307,7127
307,7607
307,7762
307,7848
307,7902
307,8085
307,8127
307,8733
307,9448
307,9626
308,918
308,2032
308,4240
309,798
309,1650
309,5103
309,6140
309,6742
309,7260
309,9700
310,6308
310,7666
311,333
311,4175
312,4254
312,5605
312,8933
313,3747
313,4556
313,8831
314,5975
314,6431
314,8943
315,3011
315,3012
315,9674
316,378
316,8657
317,3741
318,1596
318,1775
318,2360
318,2874
318,5461
318,6196
318,6474
318,7121
318,9140
318,9829
319,2516
319,8851
320,1622
321,4265
321,6776
321,9161
321,9826
322,539
322,1238
322,1336
322,1613
322,1795
322,2513
322,2882
322,3057
322,3241
322,5322
322,6380
322,8905
322,9144
323,327
323,2308
323,2763
323,3707
323,4085
323,5213
323,6579
323,7499
323,7999
324,976
324,3117
324,7148
324,7209
324,7794
325,361
325,678
325,2366
325,2814
325,3759
325,4420
325,4458
325,5468
325,5836
325,6576
325,7476
325,9240
325,9263
325,9264
325,9854
326,4244
327,3773
327,3972
327,5681
327,6579
327,7999
327,8066
327,9619
328,7527
329,2190
329,2824
329,3546
329,8077
329,9468
330,1087
330,4276
330,6528
331,582
331,1109
331,1926
331,1940
331,2028
331,2291
331,2554
331,2788
331,3025
331,3693
331,4772
331,4999
331,5059
331,5226
331,6004
331,6660
331,6861
331,7889
331,7971
331,8456
331,8476
331,8785
331,8991
331,9492
332,7039
332,7522
333,4175
333,4728
333,7193
334,4728
334,7193
335,1094
335,2610
335,5617
335,5888
335,7046
335,9041
336,4073
336,4568
336,7523
336,9580
337,8727
337,9566
338,3863
339,340
339,342
339,595
339,1062
339,3809
339,4533
339,9245
340,595
340,1062
340,3809
340,8501
340,9245
341,1421
341,1549
341,1940
341,1970
341,2099
341,2741
341,2818
341,2986
341,3176
341,3970
341,4011
341,4033
341,4363
341,5051
341,5226
341,5812
341,5906
341,6222
341,6927
341,7104
341,7128
341,7762
341,8224
341,8526
341,9284
341,9380
342,4533
343,2655
343,2997
343,5742
343,6273
343,6998
343,7937
344,1756
344,5858
344,8400
344,8408
345,1014
345,2545
345,2563
345,4359
345,5606
345,6396
345,7467
345,8301
345,8753
345,8908
346,618
346,1120
346,1353
346,1489
346,2509
346,4027
346,5626
346,6869
346,7058
346,7267
346,7302
346,7741
346,7880
346,7881
346,8308
347,3338
347,9686
348,643
348,1775
348,5739
348,7987
348,9254
348,9557
348,9785
349,1441
349,2498
349,2607
349,2705
349,4526
349,5791
349,6524
349,8799
349,9660
350,1368
350,2096
350,6027
351,8228
352,467
352,2473
352,2655
352,4526
352,8175
353,3150
353,4687
353,6659
353,8405
354,1603
354,6358
354,8915
354,9721
355,2143
355,2813
355,3714
355,5927
355,6895
355,8292
356,1222
356,3133
357,7558
358,1145
358,6275
358,8696
359,4014
359,6244
359,8301
359,9387
360,5550
360,6084
361,1405
361,2123
361,2553
361,5468
361,6520
361,6738
361,6859
361,6885
361,8262
361,8382
361,8393
361,8753
361,8934
362,1566
362,2734
362,3616
362,3646
362,4305
362,4610
362,6114
362,8997
364,3463
364,3566
365,4856
366,3141
367,3855
367,5649
367,7254
368,4243
368,4535
368,8507
368,8608
368,8726
368,8981
369,3406
369,3745
369,4353
369,6029
369,7900
369,8658
369,9664
370,4579
370,6343
370,8508
370,9651
371,900
371,995
371,1298
371,3713
371,5753
371,7700
371,7833
371,9862
372,1364
372,2181
372,8315
373,4192
373,8221
374,2906
374,3534
375,452
375,644
375,1617
375,1778
375,2046
375,2270
375,3603
375,3718
375,4468
375,4487
375,4837
375,4956
375,5264
375,5825
375,7416
375,7753
375,8228
375,8496
375,8681
375,8767
375,9484
375,9726
376,3103
376,4848
376,9526
377,1244
377,2231
377,2274
377,4975
377,5052
377,7555
377,7556
377,7974
377,8113
377,9478
378,1999
378,2028
378,2982
378,3036
378,4078
378,4715
378,4989
378,5792
378,6861
379,2633
380,695
380,4843
381,3389
381,4113
382,675
382,6072
382,7500
382,7842
383,2094
383,7724
383,9306
384,5925
385,1824
385,4651
385,7132
385,9712
386,3456
386,5698
386,6693
386,9239
387,3788
387,5949
387,9498
388,1020
388,1637
389,2432
389,6141
390,5151
390,9076
390,9492
390,9548
391,850
391,1664
391,3125
391,5253
392,1830
392,5963
393,1922
394,1133
394,2387
394,4736
394,4961
394,5147
395,6704
396,8342
397,3064
397,5819
397,6757
398,8648
399,550
399,1198
399,2121
399,3490
399,3821
399,4992
399,5321
399,5847
399,8186
399,9270
400,1331
400,8299
401,7576
402,499
402,1301
402,5245
402,8208
402,8332
402,9066
402,9110
403,5809
404,3095
404,7564
404,9421
405,3774
405,3881
406,3168
406,7880
407,436
407,805
407,2509
407,3844
407,4753
407,7349
407,7396
407,8308
407,8629
408,1456
408,3967
408,4103
408,4378
409,630
409,2226
409,5181
409,5314
409,5483
409,5570
409,6844
409,7301
409,8919
409,9199
410,5121
410,8173
411,1209
411,1882
411,3804
411,4484
411,5177
411,8185
412,1019
412,2225
412,3977
412,7754
413,1364
413,3871
414,1525
414,5213
414,9843
415,1396
415,1796
415,2588
415,3432
415,3612
415,4516
415,4851
415,5381
415,5609
415,5777
415,6230
415,6288
415,7018
415,8055
415,9570
415,9580
415,9651
416,8155
417,2432
417,3866
417,4111
417,4687
417,5703
417,6148
417,6702
417,8744
417,8869
418,877
418,1992
418,9352
419,3142
420,2684
420,5080
420,5211
420,7025
420,8736
421,3893
421,7859
421,9478
422,4739
422,5818
423,516
423,1118
423,1489
423,2081
423,3375
423,3772
423,4543
423,5034
423,5077
423,5821
423,6685
423,7305
423,7614
423,8885
424,2634
424,4637
424,5040
425,8926
426,1053
426,1532
426,1596
426,2260
427,3736
428,3736
428,4088
428,6151
428,6330
429,984
429,1620
429,1743
429,3340
429,3923
429,6610
429,8240
429,8501
429,9151
430,3016
430,6842
431,1429
431,1720
431,2892
431,3394
431,4447
431,4459
431,5605
431,5727
431,6664
431,6698
431,8237
432,4597
432,6580
433,2263
433,4274
433,6155
434,3023
435,2901
435,7992
436,743
436,805
436,4486
436,8218
436,8629
437,1982
437,2160
437,3118
438,2238
438,3457
439,2005
439,4161
439,4201
440,7968
440,8181
441,2442
441,2543
441,4047
441,9728
442,473
442,674
442,2293
442,2567
442,2806
442,5945
443,5343
443,6712
444,472
444,871
444,1177
444,1467
444,1654
444,1930
444,2028
444,2067
444,2258
444,2977
444,3506
444,4235
444,6271
444,6397
444,6577
444,6745
444,6746
444,6832
444,6927
444,7063
444,7847
444,7850
444,8693
444,8840
444,9106
444,9468
444,9593
445,4062
445,4274
445,6662
446,5538
446,7306
446,8253
447,3621
447,9050
448,1465
448,4222
448,5738
448,6490
449,1936
449,5875
450,1205
451,2564
451,2722
451,4642
451,6136
451,9409
452,1617
452,1985
452,4468
452,8694
453,490
453,8416
453,8894
453,9080
453,9622
454,2398
454,3507
454,4708
454,5451
454,7420
454,8661
455,604
455,825
455,1214
455,1355
455,4153
455,5158
455,7023
455,7421
455,7423
455,9840
456,2368
456,2648
456,2781
456,5344
456,5781
456,6083
456,6800
456,6924
456,7103
456,7104
456,9781
456,9870
457,801
457,1241
458,761
458,5477
458,6131
459,500
459,529
459,1108
459,2817
459,4826
459,7974
459,8062
459,8818
459,9520
460,556
460,5239
461,6442
461,6708
461,8400
462,2011
462,2514
462,4780
462,6788
463,9805
464,724
464,7934
465,789
465,9416
466,5600
466,7961
467,2228
467,2473
467,4215
467,4342
467,8153
467,8175
468,8220
469,1057
470,4464
470,4995
470,7491
470,8778
471,2016
471,3808
471,3876
471,4455
471,6857
472,718
472,2977
472,7650
473,2567
473,5945
474,871
474,2047
474,2845
474,4397
474,5784
474,5880
474,6457
474,6979
474,7814
474,8204
474,8465
474,8813
475,2609
475,4878
476,6207
476,6504
476,8598
476,8880
476,9119
476,9289
477,1128
477,2105
477,7546
477,7599
477,9026
477,9789
478,728
478,1213
478,3269
478,3775
478,4033
478,4215
478,4746
478,4747
478,4752
478,4753
478,4754
478,5603
478,6324
478,6555
478,6786
478,7201
478,7660
478,7910
478,8259
478,9627
478,9636
479,1059
479,5385
479,9429
480,2742
480,3525
480,8824
480,9563
481,801
481,972
481,1014
481,1234
481,1877
481,2432
481,4111
481,4235
481,6559
481,7949
481,8046
482,1018
482,1086
482,1198
482,4149
482,4992
482,6998
482,7890
482,8379
482,8606
483,2271
484,506
484,1009
484,2022
484,6981
484,8402
484,9083
484,9696
485,2194
485,2465
486,2471
487,8200
488,1429
488,3063
488,4044
488,6884
488,7790
488,8223
488,9196
489,605
489,7962
490,613
490,808
490,1374
490,1929
490,1983
490,2203
490,2934
490,3105
490,3678
490,3869
490,4653
490,4753
490,4933
490,5261
490,5296
490,5435
490,5707
490,5743
490,6282
490,6404
490,7422
490,7576
490,7663
490,7914
490,7968
490,8124
490,8145
490,8314
490,8335
490,8365
490,8416
490,8716
490,8894
490,9080
490,9622
491,4135
491,4782
492,5115
493,629
493,1288
493,3691
493,6469
493,7219
494,5099
494,7443
495,735
495,871
495,2788
495,2800
495,2900
495,3279
495,3509
495,4064
495,4137
495,4266
495,4471
495,4688
495,4715
495,4772
495,5609
495,6001
495,7062
495,7393
495,8456
495,8891
495,8909
495,9188
495,9466
496,1959
497,662
497,877
497,1135
497,7047
498,509
498,2466
498,5681
498,6504
498,7776
499,2252
499,2554
499,6139
499,7974
499,8332
499,8544
499,9754
500,2817
500,8062
501,8884
502,3092
503,1009
503,7752
503,7759
503,9083
504,1139
505,2281
505,4367
505,4733
506,1009
506,1416
506,6981
506,9083
506,9696
507,1338
507,1753
507,2475
507,3140
507,4697
507,8790
508,1328
508,3028
508,3375
508,6068
508,6377
508,6544
508,7614
509,2323
509,2466
509,3293
509,3332
509,3531
509,5681
509,6144
509,6145
509,6504
509,6607
509,6781
509,7776
509,7895
509,9391
510,3529
510,5511
511,4634
511,5870
511,6519
511,7886
511,8362
511,8363
511,8528
512,622
512,1073
512,1364
512,1375
512,1603
512,1658
512,2676
512,2786
512,2872
512,2955
512,3356
512,3619
512,5304
512,6425
512,7269
512,7723
512,8123
512,8699
512,9197
512,9721
513,4724
514,9628
515,578
515,8656
515,8661
516,517
516,737
516,1326
516,3757
516,3772
516,4023
516,4549
516,4740
516,5034
516,5415
516,6262
516,6599
516,6877
516,6947
516,7440
516,8318
516,8860
516,9024
516,9258
516,9795
516,9827
518,1391
518,4748
518,5643
519,520
519,1736
519,2771
520,544
520,1358
520,1580
520,2771
520,3316
520,4547
520,5173
520,5249
520,5699
520,5861
520,7405
520,7406
520,7701
520,9517
521,1108
521,6863
522,735
522,1730
522,1941
522,2028
522,2410
522,2977
522,3524
522,4266
522,4987
522,5299
522,5739
522,5812
522,6075
522,6380
522,7428
522,7889
522,8012
522,8132
522,8400
522,8476
522,8539
523,9150
524,2737
524,5251
525,6975
525,9131
526,4696
526,7112
526,8929
527,4394
528,1381
528,3233
528,6655
528,7996
529,1639
529,2817
529,9520
530,2252
531,918
531,1821
531,2161
531,2378
531,2756
531,4240
532,1874
532,2135
532,6529
532,9746
533,7058
533,8308
534,5700
534,6511
534,7016
535,6729
536,4192
536,5544
537,6212
538,1600
538,1671
538,1835
538,2701
538,3176
538,4989
538,5763
538,6222
538,7128
538,7872
539,932
539,1683
539,1851
539,2181
539,2882
539,4266
539,4341
539,5003
539,5178
539,6545
539,6597
539,7038
539,7093
539,7763
539,9144
539,9868
540,3376
541,1178
541,2525
541,2649
541,4135
541,6684
542,8228
543,4867
543,9239
544,1003
544,1592
544,1771
544,1775
544,2771
544,5249
544,6232
544,7422
544,7567
544,8126
544,8328
544,9517
545,889
545,1275
545,2492
545,2830
545,3842
545,4780
545,4905
545,5832
545,6102
545,6462
545,6929
545,7022
545,7100
545,7299
545,8122
545,8311
545,9210
546,4153
546,8513
547,2479
547,6462
547,7805
548,745
548,4381
548,5644
548,8246
548,8788
549,2518
549,3524
550,3415
550,3920
551,2014
551,3887
551,5488
551,5589
551,6700
552,1279
552,2707
552,5672
552,6753
553,1126
553,2857
554,698
554,1537
554,1957
554,8078
554,8203
554,8227
554,9381
555,4856
556,3205
556,4853
556,5058
556,5239
557,1611
558,1236
558,1839
559,2849
560,593
560,594
560,8983
561,2733
561,3017
562,1017
562,1595
562,2596
562,2967
562,2985
562,3009
562,3356
562,3600
562,3603
562,4620
562,8188
562,8378
562,8679
563,4930
563,8865
564,2554
564,6546
565,1246
565,1610
565,5066
565,6259
565,6974
566,1665
566,2485
566,2786
566,6714
566,6912
566,7431
566,7817
566,9410
567,3347
567,6882
568,1110
568,9074
569,2004
569,3574
569,4804
569,5332
570,6829
570,7974
571,2210
572,1503
572,1734
572,2109
572,2419
572,3386
572,4561
572,4829
572,5074
572,5113
572,5909
572,6447
572,6967
572,7604
572,9351
572,9501
573,1844
573,3949
573,5381
573,5609
573,7201
573,7949
573,7999
573,8615
573,9131
573,9603
574,824
574,4911
574,9072
575,1098
575,1238
575,5322
575,6926
575,7453
575,7605
576,3914
577,2655
577,2997
577,6998
578,5343
578,7260
579,8497
580,4701
580,9759
581,8163
581,9141
581,9493
582,2554
582,2788
582,4999
582,8476
582,8785
583,1778
583,3121
583,3977
583,4193
583,4558
583,5627
583,6097
583,8274
583,9215
583,9821
584,2722
584,3095
584,6136
585,9255
586,2181
586,7189
587,1811
588,627
588,4982
589,1846
589,2306
589,2637
589,2959
589,4206
589,7204
589,7252
589,8372
589,8892
590,689
591,1836
591,4259
591,6675
591,7291
592,4219
593,5113
593,5558
593,8983
594,8983
595,1062
595,3809
595,9245
596,8887
597,8774
598,2905
598,3325
598,3946
598,4867
598,5074
598,6661
598,6887
598,8309
598,8637
598,8947
598,9226
598,9239
598,9312
599,648
599,786
599,1560
599,3013
599,3336
599,4559
599,6007
599,6138
599,8093
599,8877
599,9198
599,9200
599,9253
599,9719
600,4742
601,1610
601,2494
601,2972
601,3999
601,5032
601,5416
601,5526
601,6864
602,1588
602,1629
602,1711
602,1787
602,2553
602,6163
602,6205
602,6324
602,6734
602,7721
602,8934
602,9857
603,780
603,3408
603,3791
603,4552
603,5173
603,7090
603,9021
603,9286
604,1355
604,3865
605,7962
606,1787
606,7981
607,4111
608,734
608,1753
608,3009
608,5053
608,5263
608,8995
609,624
609,2535
609,4554
609,6418
609,7535
609,7876
609,8549
609,9686
609,9811
610,2432
610,6108
610,7687
610,7688
611,2260
611,2884
612,6424
612,7776
613,2874
613,4705
613,8124
613,8716
614,2438
615,1056
615,1745
615,6082
615,7587
616,1270
616,1609
616,2786
616,5515
616,8005
616,8541
616,9069
617,930
617,1512
617,1744
617,4205
617,8457
618,1649
618,2518
618,3140
618,3751
618,7444
618,8246
618,8792
619,2392
619,2636
619,7572
620,2967
620,2977
620,3996
620,4686
620,4983
620,6072
620,6324
620,6793
620,7038
620,7426
620,7706
620,7989
620,8155
620,8663
620,9409
620,9866
621,720
621,916
621,1016
621,1861
621,2193
621,3205
621,4119
621,4159
621,4744
621,5058
621,6379
621,6489
621,7698
621,8138
621,8239
621,8691
621,9505
622,1658
622,1887
622,2190
622,3356
622,3761
622,6425
622,7368
622,8350
622,9025
623,2743
623,3116
624,628
624,6418
624,9686
625,6616
626,8896
627,768
627,950
627,1054
627,2122
627,2413
627,3661
627,3679
627,4696
627,4776
627,4883
627,4982
627,5069
627,5512
627,5743
627,5788
627,6017
627,6635
627,6776
627,7113
627,7220
627,7628
627,7858
627,8135
627,8833
627,8910
627,9168
627,9517
628,2163
628,3398
628,4170
628,5036
628,6156
628,9332
628,9714
629,2532
629,5737
630,1597
630,5113
630,5314
630,5483
630,7301
630,8919
630,9199
631,819
631,1551
631,6766
632,2982
632,4721
632,6861
632,9492
633,6509
633,8887
634,1714
634,1752
635,1568
635,2822
635,3675
636,3376
637,4741
638,3935
639,640
639,2181
639,5178
639,5792
639,6397
639,6463
639,6880
639,8476
639,8934
639,9641
640,2181
640,5178
640,5792
640,6397
640,6463
640,6880
640,8476
640,8934
640,9269
640,9641
641,1045
641,1239
641,1353
641,1817
641,5261
641,7023
642,2922
642,4248
642,6150
642,6952
643,1775
643,3529
643,7075
643,9254
644,2046
644,2270
644,4487
644,4837
644,9484
645,2414
645,2895
645,3367
646,3874
647,1708
647,4234
647,4682
647,5354
647,9307
648,6007
649,1888
649,2084
649,7833
649,8888
649,9405
650,6274
650,6636
650,6739
650,9855
651,732
651,1095
651,1144
651,1234
651,1368
651,1722
651,1746
651,2018
651,2446
651,2472
651,2622
651,3091
651,3171
651,3382
651,3811
651,3966
651,4989
651,5048
651,5116
651,5685
651,5899
651,7062
651,7327
651,7491
651,7704
651,7838
651,8008
651,8072
651,8525
651,8778
651,9488
651,9509
652,717
653,3356
653,4300
653,7786
653,7946
654,2926
654,5413
654,5858
654,7385
655,3222
655,5456
655,6785
655,8628
656,1891
656,5678
656,6394
657,2328
657,3062
657,6289
657,9062
658,1429
658,6884
659,1311
659,2567
659,4867
659,5282
659,7855
659,9239
660,3557
660,7520
660,7522
661,2088
662,877
663,1511
663,1699
663,2361
663,3341
663,6620
664,2320
664,4045
664,5896
664,6014
664,6927
665,5845
665,5879
665,6163
665,7715
665,7895
665,9102
666,5218
667,2686
667,2734
667,6114
667,6830
668,5282
668,5344
668,9760
669,1505
669,9095
670,2567
670,3732
670,5363
670,8663
670,8893
671,966
671,5128
671,7349
671,9197
672,1412
672,3179
673,6851
673,7193
674,1878
674,2293
674,2632
674,2897
674,2996
674,3757
674,4494
674,4741
674,6087
674,6591
674,6794
674,8024
674,8247
674,8313
675,9869
676,6515
676,7252
676,8114
677,1363
677,2328
677,3659
678,2814
678,4420
678,5468
678,7476
679,2667
679,4531
680,950
680,1274
680,2093
680,2382
680,2493
680,4783
680,6028
680,7022
680,7406
680,7785
680,9389
681,7974
682,771
683,2527
684,5051
684,6024
685,4703
685,7031
685,7921
686,2435
686,7356
687,765
687,872
687,2079
687,2080
687,2329
687,3883
687,5478
687,5601
687,5802
687,7682
687,8149
688,1761
690,3775
690,4752
690,6786
691,8220
692,2499
692,4240
692,7615
693,5244
693,6374
694,1002
694,3180
694,3782
694,4279
694,7480
694,9693
694,9872
695,4843
696,6055
696,7211
696,7522
697,3557
697,5268
697,7879
698,1537
698,1957
698,5241
698,8078
698,8203
698,8227
698,9381
699,2550
699,6148
699,9511
700,2940
701,7527
702,963
702,5132
702,5456
703,1110
703,2803
703,5205
703,7484
704,7764
704,8547
705,3644
705,4782
706,755
707,2916
707,4624
707,5689
708,3639
708,8975
709,1807
709,2790
709,8220
710,2419
711,1630
711,1952
711,2410
711,3387
711,3827
711,4266
711,4772
711,5151
711,6024
711,6471
711,7424
711,9059
712,2289
712,2830
712,3326
712,3456
712,4130
712,7100
712,9432
713,6233
713,6982
714,1351
714,2913
714,4313
714,4341
714,5416
714,6692
714,8687
714,9678
715,3450
715,9213
716,6591
717,828
717,4958
717,5259
717,6999
717,9417
718,1272
718,7589
719,5610
720,916
720,1016
720,1861
720,2193
720,3205
720,4119
720,4159
720,4744
720,5058
720,6379
720,6489
720,7698
720,8138
720,8239
720,8691
720,9505
721,2062
721,9311
722,7172
723,2156
723,7907
723,8571
724,935
724,2523
724,7934
724,8744
724,9416
725,2122
725,6260
725,7837
725,8910
725,9874
726,1209
726,1882
726,1952
726,2167
726,2291
726,2457
726,2800
726,2982
726,3358
726,3579
726,3804
726,3871
726,3938
726,4078
726,4277
726,5414
726,5609
726,5996
726,6437
726,7012
726,7024
726,8753
726,9537
726,9736
727,1781
727,2669
727,4035
727,7076
728,1061
728,2313
728,2611
728,2800
728,3207
728,3509
728,3512
728,4033
728,4359
728,4876
728,6343
728,8507
728,9636
728,9869
729,3775
730,2080
730,2787
731,7924
732,739
732,801
732,871
732,910
732,1170
732,1661
732,1701
732,1879
732,2198
732,2248
732,2882
732,2977
732,3171
732,3592
732,3811
732,3966
732,4962
732,5003
732,6324
732,6423
732,6514
732,6530
732,6681
732,6971
732,7327
732,7367
732,7704
732,7946
732,7948
732,8008
732,8262
732,8318
732,8404
732,8525
732,8813
732,8885
732,9131
732,9489
733,4501
734,1753
734,3886
734,5766
734,7427
734,8788
735,1463
735,2028
735,3938
735,4022
735,4471
735,4585
735,4772
735,5739
735,6001
735,6880
735,7424
735,7428
735,7844
735,7889
735,7943
735,8012
735,8077
735,8132
735,8400
735,8456
735,9188
735,9492
736,2878
736,5428
736,6420
736,6636
736,7751
736,8113
736,9332
737,751
737,1375
737,2116
737,2519
737,3091
737,3284
737,3293
737,3549
737,3592
737,4775
737,6324
737,7912
737,8109
737,8318
737,9076
737,9092
737,9409
737,9492
737,9818
737,9869
738,7813
739,1206
739,1326
739,2952
739,4690
739,6150
739,6179
739,6548
739,7704
739,8525
739,9046
740,8576
741,1362
741,1961
741,2078
741,2524
741,2962
741,3913
741,4422
741,5765
741,6686
741,6687
741,7427
741,7910
741,8037
741,8197
741,8904
741,9507
741,9588
742,7682
743,1657
743,2710
743,2719
743,3172
743,3408
743,3913
743,4044
743,4566
743,4742
743,5075
743,5354
743,5355
743,6596
743,7164
743,7928
743,8218
743,8745
743,9286
743,9531
744,862
744,899
744,939
744,949
744,1542
744,1676
744,2296
744,2362
744,2660
744,2777
744,3445
744,3554
744,3615
744,3789
744,4668
744,5310
744,5325
744,5403
744,5483
744,5735
744,6106
744,6583
744,6787
744,6872
744,6985
744,7111
744,7362
744,7450
744,7699
744,7950
745,8246
745,9026
746,1061
746,8539
746,8643
746,8883
747,4178
748,2873
748,7153
748,8700
749,3341
749,5987
749,7974
750,1076
750,1911
750,2821
750,3008
750,3462
750,7150
750,7907
750,8251
750,8558
751,1325
751,1440
751,2298
751,2982
751,3293
751,3693
751,3866
751,3938
751,3953
751,4585
751,4721
751,4806
751,5792
751,6083
751,6397
751,6521
751,7500
751,9076
751,9082
751,9333
751,9818
751,9869
752,1149
752,2256
752,2984
752,6362
753,4346
753,8567
754,1072
754,2247
754,2908
754,3240
754,5796
754,7712
754,9760
756,2291
756,2339
756,3207
756,3732
756,5363
756,6599
757,1206
757,1336
757,1795
757,2352
757,2366
757,2512
757,2513
757,3237
757,3604
757,3634
757,4807
757,5111
757,5266
757,6260
757,6271
757,6720
757,7467
757,7576
757,7872
757,8905
757,9148
757,9411
758,1260
758,2388
758,5531
758,9170
759,1599
759,4967
760,1070
760,2930
760,3076
760,6771
760,8406
761,5477
761,6131
762,2696
762,4504
762,4505
762,7727
762,7867
763,5762
764,9442
764,9692
765,3425
765,3634
765,9416
765,9615
766,1606
766,3175
766,3503
766,5200
766,9074
766,9266
767,2516
767,5389
767,9354
768,1555
768,1713
768,2359
768,3088
768,4187
768,5124
768,5490
768,7165
768,7312
768,9079
769,1778
769,1871
769,4153
769,4714
769,5138
769,5240
769,5911
769,7913
769,8547
770,4015
770,6519
771,1674
771,1851
771,2827
771,3529
771,4266
771,4619
771,7752
771,9355
772,3560
773,1315
773,4341
773,8281
773,8655
773,8959
774,4153
775,2767
775,5643
776,1474
776,3823
776,5859
776,7422
776,7912
777,4617
777,5758
778,2662
778,6950
779,4544
779,5116
779,5868
781,6045
781,6721
782,1129
782,3929
782,6735
783,1129
783,3876
783,3929
783,5758
783,6735
783,6749
783,7177
783,8581
783,8786
783,9515
784,1186
784,8477
784,9718
785,1091
785,1543
785,1554
785,1903
785,2266
785,2352
785,2518
785,2567
785,2713
785,2977
785,4446
785,4944
785,5282
785,5748
785,6002
785,6815
785,6942
785,7395
785,7510
785,8188
785,8371
786,3013
787,1348
787,5254
787,7522
788,3018
788,3038
788,4470
788,6922
788,7005
788,7846
788,9533
789,9416
790,6821
791,5844
791,8671
792,5008
793,4478
793,4479
794,6214
795,1076
795,1376
795,2780
795,3469
795,3542
795,6187
795,9446
796,2227
796,2776
797,8539
798,1650
798,2808
798,5045
798,6742
798,9700
799,814
799,7049
800,2179
800,5481
800,6505
800,9481
801,1241
801,1490
801,1877
801,2353
801,4341
801,7367
801,7467
801,7677
801,7946
801,7949
802,1876
802,4325
802,4326
803,1129
803,4511
803,6735
803,8581
803,8786
804,1032
804,1114
804,1267
804,1269
804,1306
804,1321
804,2322
804,2394
804,2625
804,3418
804,4481
804,4640
804,4813
804,5339
804,5433
804,5448
804,5770
804,7029
804,7379
804,7594
804,7905
804,8187
804,9357
805,4486
805,8629
806,1157
806,1213
806,1283
806,1336
806,1666
806,1735
806,1795
806,1859
806,2253
806,2352
806,2512
806,2513
806,2646
806,2808
806,4807
806,4869
806,5106
806,5525
806,6526
806,6720
806,6971
806,6984
806,7161
806,7372
806,7467
806,7866
806,8312
806,8917
806,9148
806,9700
806,9724
807,1559
807,3502
807,4871
807,6180
808,1223
808,2203
808,2934
808,3105
808,3634
808,3684
808,3869
808,4653
808,4933
808,5002
808,5195
808,5261
808,5919
808,7576
808,8145
808,8335
808,8416
808,8667
808,8716
808,9029
808,9080
808,9241
809,3095
810,7245
811,1540
811,1824
811,2067
811,2168
811,2626
811,2809
811,3015
811,3027
811,4675
811,6818
811,7096
811,8693
811,9531
812,3319
812,3846
812,9642
813,5764
813,8025
813,9112
813,9159
813,9764
814,3086
814,3336
814,7816
815,2564
815,7847
816,3105
816,4125
816,5695
816,7085
816,7494
816,7914
816,8274
816,9455
817,2788
817,3258
817,7172
817,8476
818,2887
818,3464
818,5259
818,5361
818,5844
818,5878
818,6999
818,8895
819,5436
819,6766
819,7156
819,7228
820,2758
820,7559
821,4139
821,4247
821,4741
822,1320
822,4877
822,9299
823,4544
823,5117
823,5863
823,6887
823,6941
823,7138
823,7919
824,2701
824,2933
824,5938
824,7065
824,8517
825,4153
825,7421
826,8109
827,3345
827,6005
828,2771
828,4958
828,5259
828,6999
828,8433
828,9417
829,1514
829,1593
829,5020
829,5556
829,5667
829,6069
829,7569
829,7570
829,8801
830,1458
830,1470
830,8586
831,3537
832,5778
832,7846
832,8286
832,8680
832,9098
832,9766
833,2690
833,3333
833,6173
833,6276
833,6920
833,7694
833,8152
833,9129
833,9282
834,6376
835,3785
836,1110
836,6386
836,9213
837,4596
838,2315
838,7696
838,7781
839,6820
839,8844
840,3120
840,3463
840,6623
840,6719
840,6980
840,7289
840,7325
840,7769
841,4780
841,5104
841,8311
841,8663
841,9169
841,9210
842,1920
842,4362
843,5987
843,5992
844,1221
844,2973
844,3077
844,3357
844,3706
844,3863
844,6590
844,8367
844,9164
844,9243
844,9435
845,2911
846,2376
846,2713
846,3592
846,3604
846,3839
846,6002
846,6380
846,6530
846,8782
847,5257
848,3749
849,3883
849,4416
850,6675
851,6350
852,4676
853,5031
854,4394
854,4425
854,4662
854,7465
855,3693
856,1479
856,1680
856,1808
856,4863
856,4922
856,5408
856,7972
856,9527
856,9802
857,1020
857,2137
857,2431
857,2457
857,2611
857,2846
857,3347
857,3494
857,3523
857,3580
857,4415
857,4439
857,4544
857,5048
857,6451
857,7755
857,7938
857,9486
858,4580
859,8426
860,2070
861,1986
862,899
862,939
862,949
862,1542
862,1676
862,2296
862,2362
862,2660
862,2777
862,3445
862,3554
862,3615
862,3789
862,4668
862,5310
862,5325
862,5403
862,5483
862,5735
862,6106
862,6583
862,6787
862,6872
862,6985
862,7111
862,7362
862,7450
862,7699
862,7950
863,2870
863,4816
863,6303
863,7965
863,8223
863,9228
864,2235
864,2564
864,4087
865,4631
865,5002
865,5450
865,8214
866,1418
867,4659
867,5934
867,7151
868,3220
868,7216
868,7712
869,3067
869,3382
869,4989
870,1083
870,2090
871,1541
871,1930
871,2047
871,2243
871,2323
871,2845
871,3185
871,3239
871,3494
871,3512
871,4137
871,4140
871,4407
871,5766
871,5792
871,6163
871,6271
871,6397
871,6463
871,6551
871,6597
871,6646
871,7294
871,7367
871,7393
871,7707
871,7721
871,7938
871,7989
871,8188
871,8662
871,8813
871,9187
871,9188
871,9298
871,9320
871,9641
872,3883
872,5302
872,5478
872,7682
872,8149
873,4065
873,9487
874,4139
874,4699
875,2799
875,4969
875,7946
875,8916
875,8917
876,2749
876,3383
876,8694
877,5633
877,6920
877,7694
878,3770
878,4251
879,2844
880,1738
880,4483
880,5033
880,8580
881,3247
881,3959
881,4194
881,5091
881,5639
881,8688
881,9434
882,6177
882,8575
883,3214
883,4434
884,7709
884,9310
885,3834
885,6095
885,6363
886,4065
886,7798
886,8469
887,1967
887,7507
887,7983
888,1511
888,1555
888,3341
888,5744
888,6525
888,6820
888,7653
888,8311
888,8844
888,9210
889,2217
889,6462
889,7299
890,1278
890,9170
891,1278
891,1663
891,3238
891,4735
891,6255
891,9170
892,9131
893,1013
893,1112
894,1293
894,4957
895,2651
895,5282
895,7117
896,1232
896,1523
896,1524
896,7030
897,1010
897,1222
897,1307
897,5689
897,6890
897,7198
897,9730
898,1785
898,2164
898,2265
898,3987
898,4356
898,4368
898,4786
898,5026
898,5405
898,7023
899,939
899,949
899,1542
899,1676
899,2296
899,2362
899,2660
899,2777
899,3445
899,3554
899,3615
899,3789
899,4668
899,5310
899,5325
899,5403
899,5483
899,5735
899,6106
899,6583
899,6787
899,6872
899,6985
899,7111
899,7362
899,7699
899,7950
899,8324
900,1328
900,1506
900,2413
900,2776
900,5345
900,6688
900,8307
900,8671
901,908
901,5230
901,5363
901,6098
901,8732
901,8841
901,8860
902,1065
903,1509
903,1549
903,7150
903,7432
903,9416
904,1792
904,5151
904,5228
904,8137
904,8902
904,9198
905,1388
905,2181
905,2990
905,8427
906,1296
906,2294
906,9085
907,1796
907,2247
908,909
908,1490
908,1555
908,1596
908,4494
908,4927
908,5168
908,5282
908,6098
908,6620
908,7169
908,7255
908,7571
908,7772
908,7999
908,8313
908,8732
908,8841
908,9230
908,9544
908,9716
908,9760
909,6620
910,1663
910,6423
910,6514
910,6646
910,7367
910,7946
910,8188
910,8885
911,4585
912,4526
912,6317
912,8231
912,9261
913,2442
913,4407
913,5182
913,6192
913,6869
913,7452
913,7931
913,8060
914,3819
914,4767
914,7044
915,4748
915,8731
916,1016
916,1861
916,2193
916,3205
916,4119
916,4159
916,4744
916,5058
916,6379
916,6489
916,7698
916,8138
916,8239
916,8691
916,9505
917,1111
917,7813
917,9645
918,1150
918,1821
918,2032
918,2161
918,2284
918,2378
918,2756
918,2798
918,2858
918,3349
918,4240
918,4643
918,4810
918,4900
918,5810
918,6095
918,6163
918,6841
918,7615
918,7726
918,8184
918,9134
918,9273
919,7218
919,7847
920,2031
920,2464
920,2687
920,7353
920,8314
920,8535
920,8911
920,9074
921,1052
921,2179
921,2469
921,3506
921,4609
921,5476
921,6918
921,7324
921,7713
921,7722
921,7758
921,8542
921,9296
922,2959
922,9403
923,1371
923,4684
923,6761
923,8941
924,1636
924,1685
924,5217
924,7658
924,8612
925,2539
925,5766
925,7144
926,4661
926,4806
926,7846
926,7946
926,8311
927,8976
928,950
928,2301
928,3539
929,1429
929,2256
929,3063
929,4584
929,9162
929,9837
930,3185
930,4868
930,7847
931,3666
931,3961
932,4793
932,5003
932,7461
934,4421
934,5034
934,5316
934,5328
934,6903
934,8243
935,1119
935,2523
935,8744
935,9416
936,1504
936,3466
936,4371
936,6884
936,7744
936,8769
936,9196
937,6383
938,2356
938,2495
938,4151
938,6467
938,9264
939,949
939,1542
939,1676
939,2296
939,2362
939,2660
939,2777
939,3445
939,3554
939,3615
939,3789
939,4668
939,4870
939,5310
939,5325
939,5403
939,5483
939,5735
939,6106
939,6583
939,6787
939,6872
939,6985
939,7111
939,7362
939,7450
939,7699
939,7950
939,9057
940,6605
940,6890
940,8574
941,942
942,2550
942,2909
942,6148
943,1749
943,4285
943,4812
943,6615
943,7255
943,9054
944,7454
945,2273
946,999
946,1057
946,3982
947,5519
948,4437
949,1542
949,1676
949,2296
949,2362
949,2660
949,2777
949,3445
949,3554
949,3615
949,3789
949,4668
949,5310
949,5325
949,5403
949,5483
949,5735
949,6106
949,6583
949,6787
949,6872
949,6985
949,7111
949,7362
949,7450
949,7699
949,7950
950,1003
950,1054
950,2093
950,2301
950,3539
950,6028
951,1060
951,5800
951,8461
951,9260
952,1736
952,3023
952,4024
952,4952
952,4990
952,5956
952,6562
952,6654
953,5681
954,4274
954,6662
955,6531
955,8202
956,5595
956,8228
957,2023
957,8165
957,9071
958,1311
959,5441
960,1250
960,1637
960,5285
960,6890
960,8117
961,1705
961,4572
961,5546
961,6771
962,1962
962,3198
963,5132
963,5456
964,2944
964,7877
964,8097
964,9225
964,9413
965,2893
965,9817
966,5128
966,7349
966,9197
967,8782
968,7879
969,1756
969,2219
969,3057
969,3356
969,6163
970,4092
970,4105
970,6149
970,7348
970,9339
971,5289
971,5745
971,7193
972,1234
972,2028
972,5662
972,7248
972,7777
973,5354
974,1364
974,3303
974,3970
974,4664
974,4896
974,5161
974,6880
974,7104
974,8476
974,9499
975,2497
975,3090
976,1237
976,1446
976,3016
976,3117
976,5027
976,5350
976,5425
976,5910
976,6163
976,6815
976,7240
976,7794
976,8423
977,2703
977,4220
977,4689
977,4895
977,6768
977,7306
978,1388
978,1636
978,2017
978,2328
978,2990
978,3311
978,4358
978,6705
978,7246
978,7909
978,8664
978,9348
979,3157
980,3819
981,1312
981,1374
981,1545
981,2276
981,2497
981,2867
981,3090
981,3203
981,3245
981,3869
981,5244
981,5440
981,5707
981,5768
981,7746
981,7842
981,8365
981,8786
981,9335
982,7277
982,7888
983,2416
983,8825
983,9620
984,1006
984,1275
984,1607
984,1620
984,1792
984,1891
984,3485
984,4547
984,4748
984,5292
984,6846
984,7564
984,8125
984,8137
984,8157
984,8251
984,8610
984,9151
984,9325
984,9673
985,5277
985,7437
985,9442
985,9692
986,2638
986,5964
987,1183
987,3981
988,8039
988,9683
988,9807
989,6491
990,4550
990,8339
991,1938
992,2699
992,4643
992,6538
992,7703
992,9165
993,5047
993,6299
994,6159
995,1334
995,5753
995,6592
995,6750
995,9114
995,9862
995,9875
996,1846
996,2064
996,2924
996,4908
996,9049
996,9785
997,1147
997,1459
997,2913
997,3493
997,4211
997,4344
997,5277
997,5624
997,5784
997,6072
997,6289
997,7436
997,7658
997,8541
997,8551
997,9118
998,1078
999,1057
1000,2051
1000,3738
1000,5794
1001,5032
1001,6458
1002,9391
1002,9872
1003,1775
1003,2841
1003,3356
1003,5721
1003,8328
1003,8764
1003,9517
1004,5287
1004,9138
1005,2726
1006,3485
1006,4748
1007,5070
1007,7647
1008,1154
1008,1275
1008,1318
1008,2001
1008,2479
1008,2491
1008,5188
1008,7476
1008,7723
1009,1590
1009,2022
1009,5719
1009,6822
1009,6981
1009,8320
1009,9083
1009,9696
1010,5689
1010,6890
1010,9730
1011,7577
1012,1083
1012,1270
1012,1802
1012,2013
1012,2111
1012,2112
1012,3183
1012,3572
1012,3894
1012,3921
1012,4220
1012,4851
1012,4890
1012,5032
1012,5113
1012,5123
1012,5290
1012,5496
1012,5858
1012,5946
1012,6974
1012,7260
1012,7870
1012,8315
1012,8911
1012,9598
1012,9784
1012,9804
1012,9824
1013,1112
1014,2176
1014,2882
1014,3065
1014,3091
1014,3750
1014,4014
1014,4661
1014,4670
1014,5778
1014,6369
1014,6463
1014,6813
1014,7846
1014,7949
1014,8301
1014,8311
1014,8430
1014,8753
1014,9603
1014,9604
1015,5032
1016,1861
1016,2193
1016,3205
1016,4119
1016,4159
1016,4744
1016,5058
1016,6379
1016,6489
1016,7698
1016,8138
1016,8239
1016,8691
1016,9505
1017,1775
1017,2037
1017,2080
1017,2529
1017,2882
1017,3009
1017,3069
1017,3356
1017,4289
1017,4484
1017,5078
1017,5346
1017,5447
1017,6549
1017,6971
1017,7110
1017,8121
1017,8141
1017,8692
1017,8752
1017,8917
1017,9450
1018,1198
1018,4992
1018,7890
1018,8606
1019,2795
1019,2932
1019,3407
1019,4240
1019,4677
1019,7306
1019,9134
1019,9611
1020,1209
1020,1881
1020,2966
1020,3347
1020,5172
1020,6437
1021,3575
1022,2631
1023,1083
1023,1406
1023,1802
1023,2168
1023,2282
1023,3027
1023,4636
1023,5174
1023,5290
1023,5823
1023,6463
1023,7214
1023,7216
1023,7686
1023,8983
1023,9538
1024,6282
1024,8413
1025,7207
1026,1364
1026,3811
1026,5003
1026,6714
1026,7149
1026,7506
1027,4708
1027,4999
1027,5559
1027,5925
1027,6645
1027,8389
1027,8476
1027,9076
1028,5532
1029,4711
1029,5133
1030,1572
1030,2073
1030,2104
1030,2278
1030,3589
1030,3676
1031,2072
1031,5008
1031,6436
1031,6912
1031,8404
1032,1114
1032,1267
1032,1269
1032,1306
1032,1321
1032,2322
1032,2394
1032,2625
1032,3418
1032,4481
1032,4640
1032,5339
1032,5433
1032,5448
1032,5770
1032,7029
1032,7379
1032,7594
1032,7905
1032,8187
1032,9357
1033,1936
1033,5840
1033,6828
1033,6944
1033,8179
1034,4724
1035,2684
1035,5364
1036,3155
1036,7572
1037,1150
1037,2817
1037,2883
1037,3553
1037,3831
1037,5223
1037,5366
1037,5601
1037,5757
1037,6095
1037,6148
1037,6217
1037,6277
1037,6293
1037,6429
1037,6752
1037,6820
1037,6841
1037,8273
1037,9458
1037,9671
1038,3409
1038,4105
1038,5006
1038,9746
1039,2241
1039,3988
1039,5058
1040,2719
1040,4566
1040,7579
1041,5153
1041,9312
1042,1157
1042,4278
1042,7063
1042,9724
1043,2031
1043,2687
1043,3360
1043,8314
1044,1246
1044,2368
1044,3621
1044,5893
1044,6680
1044,7733
1044,9870
1045,1145
1045,1353
1045,1817
1045,1889
1045,1896
1045,2613
1045,2797
1045,2886
1045,2965
1045,3253
1045,3504
1045,4269
1045,4421
1045,4560
1045,5017
1045,5523
1045,6609
1045,6810
1045,7432
1045,8696
1045,8705
1045,8840
1045,9831
1046,3524
1046,4064
1046,4857
1046,6838
1046,8891
1047,1548
1048,4193
1048,6879
1049,1326
1049,2154
1049,3221
1049,4392
1049,5535
1049,6947
1049,7096
1049,8976
1049,9131
1049,9537
1050,2313
1050,3446
1050,3602
1050,4902
1050,5868
1050,7300
1050,8224
1050,9043
1051,7058
1052,2179
1052,9296
1053,5020
1053,6715
1053,7807
1053,9462
1054,1722
1054,2122
1054,8910
1054,9655
1055,5161
1055,5560
1055,8419
1055,8476
1055,9263
1056,6082
1056,7587
1057,2940
1057,3982
1057,4066
1057,4432
1057,4479
1057,8668
1058,4303
1060,3393
1060,4711
1060,5800
1060,8460
1060,8461
1060,9260
1060,9701
1061,1463
1061,3207
1061,3693
1061,6343
1061,8456
1061,8539
1061,8883
1062,3809
1062,9245
1063,1747
1063,2167
1063,2689
1063,3421
1063,3584
1063,3608
1063,4043
1063,5068
1063,5426
1063,7592
1063,7766
1063,8366
1064,5750
1066,3500
1067,2440
1068,5494
1069,2099
1069,2292
1070,2930
1070,4407
1070,6771
1070,8201
1070,8406
1071,1213
1071,1673
1071,1850
1071,3966
1071,5019
1071,5028
1071,6423
1072,1111
1072,2201
1072,2908
1072,3617
1072,5796
1072,7712
1072,9202
1073,6425
1073,7269
1073,7638
1074,2488
1075,2190
1075,2613
1075,5017
1075,5336
1075,6546
1075,6916
1075,8350
1076,1207
1076,1376
1076,1869
1076,3796
1076,5358
1076,5438
1076,6408
1076,7397
1076,8558
1076,8642
1076,9203
1076,9446
1077,3603
1077,8115
1079,1669
1079,5197
1079,9657
1080,1605
1080,3538
1080,4304
1080,6744
1081,2696
1081,4341
1081,4452
1081,4924
1081,7181
1082,2507
1082,4479
1083,1802
1083,2013
1083,2090
1083,5032
1083,5314
1083,6574
1083,7214
1084,3339
1084,3501
1084,8827
1084,9156
1084,9478
1085,2507
1085,4479
1086,1198
1086,2655
1086,4992
1086,6998
1086,8606
1087,3949
1087,4276
1087,6426
1087,6528
1087,8788
1088,2459
1088,3215
1088,3899
1088,9256
1089,3181
1090,1775
1090,3114
1090,3573
1090,7234
1090,9699
1090,9796
1091,1543
1091,2266
1091,2567
1091,4944
1092,2514
1092,9178
1093,5954
1093,7627
1094,2748
1094,5074
1095,1952
1095,2028
1095,2197
1095,2622
1095,3207
1095,3578
1095,4033
1095,4715
1095,4989
1095,5048
1095,5060
1095,5114
1095,7072
1095,7360
1095,7424
1095,7755
1095,7787
1096,4453
1096,7252
1097,2139
1097,2311
1097,2448
1097,2630
1097,2699
1097,2806
1097,3149
1097,3767
1097,5088
1097,5413
1097,5858
1097,6458
1097,8400
1097,8484
1097,9165
1098,1238
1098,2567
1098,5322
1098,6697
1098,6926
1098,7453
1098,7605
1098,8663
1098,8893
1099,3732
1099,6258
1099,9030
1100,4817
1100,6515
1101,7986
1102,2886
1102,4074
1102,4421
1102,5077
1102,5134
1102,5328
1102,5521
1102,6533
1102,7179
1102,8229
1103,4101
1103,8768
1104,6291
1104,9764
1105,6293
1105,9764
1106,5285
1106,6809
1107,1108
1107,1999
1107,3757
1107,4589
1107,6458
1107,7417
1108,1722
1108,2491
1108,2703
1108,2817
1108,2875
1108,3424
1108,3680
1108,3757
1108,4509
1108,4589
1108,4895
1108,5053
1108,5636
1108,6293
1108,6458
1108,6591
1108,6716
1108,6747
1108,6768
1108,6863
1108,7276
1108,7588
1108,7974
1108,8003
1108,8101
1108,8822
1108,8934
1108,8951
1108,9609
1109,2531
1109,3387
1109,4266
1109,6645
1109,6880
1109,8068
1109,8934
1109,8991
1109,9739
1110,1262
1110,2858
1110,4754
1110,4942
1110,6952
1110,8983
1110,9074
1111,1766
1111,2011
1111,2046
1111,2439
1111,3139
1111,4967
1111,5756
1111,5887
1111,6333
1111,7290
1111,7369
1111,7813
1111,8470
1111,8520
1111,9178
1111,9645
1112,3799
1113,2334
1113,9196
1114,1267
1114,1269
1114,1306
1114,1321
1114,2322
1114,2394
1114,2625
1114,3418
1114,4481
1114,4640
1114,4813
1114,5339
1114,5433
1114,5448
1114,5770
1114,7029
1114,7379
1114,7594
1114,7905
1114,8187
1115,6223
1115,8075
1115,9838
1116,4377
1117,2360
1117,7146
1118,1489
1118,2081
1118,3375
1118,3772
1118,5077
1118,5821
1118,6685
1118,7614
1118,8885
1119,8744
1119,9416
1120,6229
1120,7058
1120,7302
1121,1748
1121,9699
1122,3830
1122,4916
1122,7436
1122,7954
1123,5629
1123,6993
1123,8180
1124,1401
1125,8802
1126,1331
1126,1756
1126,2699
1126,2708
1126,4781
1126,5103
1126,5479
1126,6366
1126,6819
1126,9042
1126,9165
1127,3534
1127,7745
1128,2105
1128,7546
1128,7599
1128,9026
1128,9789
1129,3876
1129,3929
1129,4455
1129,4491
1129,4511
1129,6735
1129,8581
1129,8786
1130,7289
1130,8812
1130,9304
1131,1341
1131,3348
1131,6046
1131,6591
1131,8951
1133,1540
1133,1591
1133,1877
1133,1918
1133,1983
1133,2387
1133,2406
1133,2537
1133,3022
1133,3621
1133,3975
1133,4310
1133,4613
1133,4736
1133,4961
1133,5050
1133,5086
1133,5137
1133,5147
1133,5247
1133,5298
1133,5360
1133,5739
1133,5925
1133,6220
1133,6486
1133,7024
1133,7031
1133,7076
1133,7137
1133,8192
1133,9743
1133,9744
1133,9781
1134,1263
1134,4558
1135,1937
1135,5584
1135,7047
1136,2161
1136,3412
1136,5105
1137,2151
1137,3225
1137,4788
1137,8768
1137,8948
1138,3250
1138,6874
1140,1226
1140,2045
1141,1981
1141,8471
1142,1829
1142,3031
1142,3481
1142,5620
1142,5621
1142,9467
1143,2303
1143,2728
1143,2839
1143,6567
1143,9540
1143,9758
1144,1368
1144,5479
1145,4116
1145,4859
1145,5841
1145,6609
1145,8696
1145,9810
1146,1579
1148,2503
1148,6839
1148,6973
1149,8495
1150,1547
1150,1694
1150,2161
1150,2283
1150,2883
1150,2954
1150,4240
1150,4595
1150,6148
1150,6217
1150,6293
1150,6820
1150,8140
1150,8273
1150,9112
1150,9458
1150,9764
1151,2263
1151,7787
1152,1973
1152,4461
1152,7179
1152,9294
1153,7249
1154,2491
1154,3494
1154,5760
1154,5917
1154,5998
1154,6996
1154,7167
1154,7398
1154,7406
1154,7723
1155,7276
1156,2874
1156,3072
1156,8319
1156,9829
1157,1368
1157,1859
1157,2513
1157,4278
1157,5316
1157,6949
1157,6971
1157,7418
1157,7491
1157,8330
1157,9554
1157,9724
1158,2988
1158,8894
1159,2861
1159,3373
1159,4014
1159,4999
1159,5176
1159,6582
1160,2398
1160,3693
1160,4078
1160,6183
1160,9076
1161,1336
1161,1795
1161,2352
1162,9513
1163,1853
1163,4526
1164,1268
1164,1316
1164,1554
1164,4278
1164,5577
1164,5715
1165,2802
1165,4734
1165,5085
1165,5447
1165,8393
1166,1728
1166,4683
1166,7180
1167,4290
1168,3103
1168,3905
1168,9325
1168,9526
1169,2647
1170,1461
1170,3848
1170,4215
1170,5009
1170,5642
1170,5931
1170,6324
1170,6552
1170,7422
1170,8259
1170,8885
1170,9531
1170,9785
1171,5015
1171,6079
1171,6490
1171,6938
1171,8079
1172,9529
1173,2670
1173,3103
1173,8709
1174,1284
1174,1535
1174,2707
1174,6753
1174,6754
1175,2782
1175,5289
1175,7193
1175,8412
1176,1283
1176,1330
1176,2652
1176,6657
1176,9203
1177,5149
1177,6211
1177,6746
1177,8553
1178,6684
1179,1309
1179,1547
1179,4278
1179,7491
1179,8850
1179,9112
1179,9764
1180,6082
1181,6100
1182,9816
1183,1364
1183,2786
1183,3981
1183,4675
1184,6863
1184,8436
1185,1343
1185,3070
1185,6043
1186,2333
1186,2517
1186,2788
1186,3065
1186,3081
1186,3258
1186,4266
1186,5027
1186,5151
1186,6645
1186,7688
1186,8476
1186,8477
1186,8592
1186,8785
1186,8934
1186,9629
1187,2546
1187,3926
1187,6086
1187,7833
1187,9405
1187,9496
1188,1995
1188,4127
1188,7030
1189,2817
1189,4940
1189,8995
1190,1871
1190,2183
1190,3561
1190,5420
1190,8339
1190,9179
1191,2629
1191,4728
1192,5080
1192,5364
1192,5571
1192,8510
1193,1208
1193,2199
1193,2288
1193,6407
1195,6545
1195,7091
1195,7626
1196,1611
1197,1322
1197,2449
1197,8697
1198,4149
1198,4492
1198,4992
1198,6998
1198,7890
1198,8606
1199,2167
1199,5407
1199,5996
1199,6535
1200,3970
1200,3980
1200,5088
1200,6366
1201,2833
1201,5593
1202,4192
1202,8221
1203,1305
1203,1693
1203,2684
1203,7566
1204,3477
1204,3561
1204,8306
1204,9179
1204,9446
1205,1689
1205,2343
1205,2347
1205,4233
1205,5025
1205,5736
1205,5895
1205,8333
1205,8667
1205,9414
1206,1326
1206,2366
1206,2513
1206,2952
1206,4690
1206,5281
1206,6150
1206,6179
1206,7576
1206,8525
1206,8905
1207,2629
1207,3264
1207,6408
1207,6657
1207,7397
1207,8642
1207,9203
1208,2199
1208,2288
1209,1882
1209,1908
1209,1952
1209,2434
1209,2457
1209,2966
1209,3579
1209,3804
1209,4078
1209,5177
1209,5792
1209,6437
1209,6564
1209,6690
1209,7024
1209,7076
1209,7318
1209,8185
1210,4740
1210,8860
1211,1586
1211,2202
1211,2426
1211,2427
1211,3244
1211,3302
1211,3413
1211,4204
1211,4463
1211,4646
1211,5465
1211,5716
1211,8310
1211,8819
1211,8977
1211,9157
1211,9337
1211,9348
1211,9752
1211,9830
1212,5064
1213,1673
1213,1907
1213,2080
1213,3775
1213,4734
1213,5197
1213,5386
1213,9148
1213,9869
1214,1823
1214,3700
1214,3922
1214,6195
1214,7421
1214,7423
1214,8755
1214,8918
1214,9840
1215,5518
1215,6595
1215,7910
1216,9151
1217,7335
1217,7966
1217,8487
1217,9638
1218,6167
1219,7380
1219,8976
1220,5046
1220,8285
1220,9494
1221,9243
1222,3133
1222,5731
1222,6962
1222,7340
1223,5195
1223,5261
1224,1505
1224,1573
1224,1768
1224,2080
1224,2742
1224,3078
1224,3583
1224,4697
1224,5110
1224,5508
1224,6965
1224,8146
1224,8824
1224,8924
1224,9095
1224,9185
1224,9212
1224,9755
1225,1681
1225,4869
1225,5126
1225,5266
1225,5267
1225,6756
1225,6759
1225,9102
1226,2045
1227,1937
1227,2354
1227,4318
1227,4639
1227,5718
1227,7422
1228,2369
1228,2512
1228,2819
1228,2832
1228,4702
1228,4807
1228,5700
1228,6472
1228,7034
1228,7866
1228,8682
1228,9426
1228,9755
1229,1314
1229,6511
1229,6657
1229,7397
1229,7865
1229,9203
1230,8788
1230,9692
1231,4044
1231,5184
1232,1523
1232,1524
1232,7030
1233,4801
1233,7487
1234,1715
1234,1746
1234,2622
1234,3966
1234,4018
1234,4286
1234,5029
1234,5048
1234,5685
1234,6458
1234,7201
1234,7491
1234,9488
1235,4782
1236,1839
1236,3131
1236,5917
1236,8144
1237,1686
1237,3216
1237,3217
1237,5350
1237,5424
1237,5425
1237,5563
1237,5910
1237,8423
1237,9314
1237,9781
1238,2614
1238,5282
1238,5322
1238,6380
1239,1533
1239,1817
1239,2451
1239,2941
1239,5261
1239,6015
1239,7097
1239,7277
1239,9122
1240,4872
1241,5024
1242,1656
1242,2567
1242,2984
1242,4294
1242,5282
1242,6236
1242,8278
1242,8900
1243,1283
1243,3264
1243,4384
1243,4547
1243,5104
1243,5110
1243,5906
1243,8724
1244,2274
1244,3318
1244,4341
1244,8699
1244,9002
1245,3354
1245,7784
1246,1281
1246,1610
1246,3425
1246,5452
1246,5761
1246,5893
1246,6259
1247,1254
1247,2860
1247,4730
1247,5697
1247,5698
1247,6691
1247,6693
1247,8013
1247,9239
1248,5156
1249,3698
1249,4063
1249,7817
1250,1637
1250,2347
1250,2641
1250,2778
1250,3684
1250,5021
1250,6657
1250,6890
1250,8117
1250,8667
1250,9029
1250,9203
1251,3650
1252,5491
1252,6082
1253,3862
1253,4497
1253,5040
1253,5489
1253,5769
1253,8128
1254,4730
1255,9340
1256,2029
1257,2567
1258,3838
1258,5273
1259,2820
1259,7433
1260,2388
1260,5531
1260,9170
1261,2680
1262,4885
1262,5122
1262,5810
1263,1416
1263,1825
1263,3337
1263,4324
1263,4558
1263,5816
1263,6508
1263,8773
1264,7343
1264,8863
1265,4332
1265,4390
1266,1658
1266,2128
1266,2297
1266,2518
1266,2724
1266,3127
1266,3258
1266,3346
1266,3467
1266,3754
1266,3981
1266,4013
1266,4426
1266,4662
1266,6339
1266,6386
1266,6425
1266,6485
1266,7008
1266,7270
1266,8315
1266,8694
1266,8911
1266,9295
1267,1269
1267,1306
1267,1321
1267,2322
1267,2394
1267,2625
1267,3418
1267,4481
1267,4640
1267,4813
1267,5339
1267,5433
1267,5448
1267,5770
1267,7029
1267,7379
1267,7594
1267,7905
1267,8187
1267,9357
1268,1316
1268,4278
1268,5577
1269,1306
1269,1321
1269,2322
1269,2394
1269,2625
1269,3418
1269,4481
1269,4640
1269,4813
1269,5339
1269,5433
1269,5448
1269,5770
1269,7029
1269,7379
1269,7594
1269,7905
1269,8187
1269,9357
1270,1802
1270,2665
1270,2990
1270,4675
1270,5515
1270,6388
1270,6731
1270,9069
1271,1610
1271,2699
1271,3609
1271,5088
1273,6527
1273,8553
1274,2382
1274,4459
1274,4752
1274,4783
1274,6028
1275,1318
1275,1627
1275,2001
1275,2492
1275,3894
1275,8121
1276,5490
1276,6823
1276,6836
1277,3341
1277,6369
1277,7653
1277,8311
1277,9210
1278,1663
1278,2252
1278,2388
1278,3050
1278,3238
1278,4735
1278,5419
1278,5566
1278,6255
1278,9072
1278,9170
1279,1717
1279,1998
1279,2058
1279,2707
1279,5198
1279,5672
1279,6010
1279,6753
1279,7607
1280,1914
1281,2220
1281,2879
1281,4939
1281,5893
1281,6042
1282,2502
1282,7658
1283,1330
1283,1735
1283,2403
1283,2832
1283,3021
1283,3264
1283,5106
1283,5107
1283,5110
1283,6526
1283,6657
1283,6825
1283,6909
1283,6984
1283,7134
1283,8682
1283,9203
1283,9231
1283,9731
1284,1535
1284,2413
1284,2707
1284,5672
1284,6753
1284,6754
1284,8867
1285,2162
1285,2190
1285,3750
1285,5336
1285,6263
1285,6546
1285,7965
1286,4332
1287,5725
1287,9059
1288,1434
1288,3691
1289,5648
1290,2491
1291,7150
1292,3153
1292,3297
1292,3906
1292,4818
1292,6730
1292,8773
1293,4957
1294,2518
1294,5218
1294,9003
1295,4971
1295,5195
1296,3757
1296,9085
1297,4759
1297,8694
1298,1336
1298,1795
1298,2352
1298,2513
1298,3713
1298,6484
1298,6711
1298,7700
1298,8289
1298,8905
1299,2543
1299,2854
1299,4408
1299,5620
1299,6694
1300,7193
1301,2960
1301,3066
1301,4614
1301,5119
1301,6016
1301,6629
1301,6856
1301,7319
1301,8332
1302,6728
1303,1876
1303,5012
1304,1876
1305,1312
1305,1693
1305,2684
1305,7566
1306,1321
1306,2322
1306,2394
1306,2625
1306,3418
1306,4481
1306,4640
1306,4813
1306,5339
1306,5433
1306,5448
1306,5770
1306,7029
1306,7594
1306,7905
1306,8187
1306,9357
1308,5381
1308,7240
1308,8105
1308,8519
1308,9033
1309,9112
1310,8559
1311,1652
1311,2334
1311,2548
1311,2567
1311,2651
1311,4367
1311,4968
1311,5282
1311,6642
1311,7255
1311,7394
1311,8663
1311,8842
1311,9760
1312,2276
1312,2988
1312,3869
1312,4028
1312,4342
1312,5440
1312,5562
1312,7184
1312,8786
1312,9335
1313,3596
1313,5680
1313,8718
1314,6657
1314,6972
1314,7397
1314,8269
1314,9203
1315,4341
1315,4839
1315,7563
1315,8100
1315,8655
1315,8959
1316,2252
1316,2307
1316,2384
1316,2495
1316,5577
1316,5714
1316,6364
1316,9042
1317,1710
1317,4265
1317,4874
1318,2001
1318,2492
1318,2774
1318,3894
1318,7001
1318,8266
1319,1774
1319,7705
1320,6720
1320,9148
1321,2322
1321,2394
1321,2625
1321,3418
1321,4481
1321,4640
1321,4813
1321,5339
1321,5433
1321,5448
1321,5770
1321,7029
1321,7379
1321,7594
1321,7905
1321,8187
1321,9357
1322,1589
1322,1641
1322,2403
1322,2449
1322,6891
1322,8424
1322,8697
1323,2161
1324,2778
1324,3248
1324,3312
1324,6483
1324,8905
1325,2338
1325,3693
1325,6397
1325,9076
1326,2366
1326,2952
1326,3122
1326,3484
1326,4690
1326,5584
1326,6150
1326,6179
1326,6947
1326,7144
1326,7279
1326,7576
1326,8318
1326,8525
1326,8885
1326,8937
1326,9258
1326,9411
1327,2824
1327,4205
1327,4902
1328,2776
1328,3375
1328,3706
1328,5312
1328,6377
1328,6688
1328,7117
1328,7614
1328,8112
1328,8307
1328,8671
1328,9243
1329,6228
1330,6657
1330,9203
1332,2065
1332,4792
1333,1969
1333,2042
1333,5265
1334,2401
1334,3428
1334,5089
1334,6592
1334,7797
1334,7833
1334,9114
1334,9405
1334,9862
1335,1835
1335,2615
1335,4144
1335,5893
1335,8873
1336,1613
1336,1746
1336,1795
1336,2352
1336,2513
1336,3057
1336,3966
1336,4806
1336,4989
1336,5111
1336,6971
1336,7161
1336,8312
1336,8905
1338,3140
1338,4697
1339,4806
1340,5817
1340,8806
1341,6046
1341,6211
1342,1834
1344,3013
1344,7910
1345,7944
1345,9179
1346,5930
1346,8577
1347,4215
1347,4218
1347,4219
1347,6561
1348,5254
1348,7522
1349,2484
1349,5051
1349,6075
1349,6908
1349,9380
1350,4185
1350,4319
1350,5286
1350,8479
1350,9530
1351,1416
1351,1457
1351,1751
1351,1853
1351,2268
1351,2336
1351,2849
1351,2874
1351,3309
1351,4313
1351,4321
1351,4543
1351,4752
1351,5305
1351,5733
1351,6186
1351,6894
1351,6953
1351,6959
1351,7341
1351,7999
1351,8951
1351,8978
1351,9121
1351,9678
1351,9816
1352,1971
1352,3996
1352,7999
1353,1817
1353,7282
1353,8696
1354,3234
1354,4553
1354,5859
1356,3791
1357,5866
1358,2870
1358,2934
1358,5136
1358,7701
1359,6612
1359,6653
1360,1781
1360,2669
1360,3537
1360,7076
1360,9404
1361,2083
1361,4692
1361,4796
1361,4839
1361,8983
1362,1961
1362,2078
1362,3207
1362,4422
1362,4741
1362,6024
1362,6153
1362,7300
1362,7721
1362,8106
1362,8109
1362,8169
1362,8197
1362,9043
1362,9452
1363,3659
1364,1695
1364,2110
1364,2181
1364,2209
1364,2786
1364,3303
1364,3481
1364,3871
1364,4033
1364,4642
1364,5925
1364,6051
1364,6714
1364,7149
1364,8048
1364,8065
1364,8315
1365,7149
1366,2517
1366,5835
1366,9399
1367,9235
1368,1585
1368,2043
1368,2334
1368,2352
1368,2551
1368,2786
1368,2956
1368,3966
1368,4278
1368,5316
1368,5479
1368,6027
1368,7491
1368,9260
1368,9724
1369,1408
1369,1492
1369,2669
1369,3268
1369,4498
1369,4887
1369,6613
1369,9188
1369,9596
1370,1907
1371,6761
1371,8941
1372,1373
1372,5197
1373,1669
1373,1722
1373,5197
1374,2203
1374,2934
1374,5707
1374,7663
1374,7746
1374,7968
1374,8365
1375,2955
1375,7269
1375,7723
1375,8123
1375,8915
1375,9721
1376,9446
1377,1382
1377,6767
1377,7425
1378,8961
1379,5609
1379,6340
1379,8304
1379,8621
1380,2032
1381,1616
1381,2291
1381,3442
1381,5976
1381,6335
1381,7073
1381,9573
1383,7939
1384,3059
1384,3103
1384,5011
1384,8169
1385,3543
1385,8020
1385,9328
1385,9600
1386,2960
1387,6954
1388,2071
1388,2181
1388,2990
1388,7432
1389,9456
1390,2181
1390,8664
1391,5643
1392,8623
1393,6027
1394,2095
1394,2663
1394,6519
1394,7121
1394,8362
1394,8513
1395,9581
1395,9691
1396,1418
1396,1500
1396,3458
1396,3747
1396,3871
1396,4754
1396,4851
1396,4999
1396,5058
1396,5609
1396,6231
1396,6399
1396,6880
1397,2662
1398,2029
1398,9112
1399,5747
1400,3497
1400,4760
1400,6560
1402,3897
1402,4201
1403,8318
1403,9606
1404,2548
1404,2551
1405,2443
1405,2553
1405,4164
1405,4491
1405,5141
1405,6500
1405,9731
1407,1942
1407,3103
1407,3747
1407,4198
1407,4856
1407,4887
1407,5380
1407,5899
1407,7530
1407,8709
1407,9011
1407,9526
1408,2042
1408,2649
1408,3098
1408,3236
1408,4004
1408,4887
1408,5095
1408,5140
1408,7506
1408,7976
1408,9596
1409,4514
1409,9531
1410,3103
1410,3189
1410,3433
1410,3896
1410,5051
1410,6908
1410,9526
1411,2286
1411,3543
1411,8020
1411,9600
1412,1469
1412,2055
1412,2080
1412,2857
1412,3179
1412,4881
1412,6398
1412,7104
1413,2290
1413,3104
1413,4924
1413,5040
1413,9799
1414,6125
1415,2548
1415,2928
1415,7893
1415,8554
1416,1750
1416,2268
1416,2336
1416,2411
1416,3745
1416,4321
1416,4558
1416,4752
1416,4770
1416,4849
1416,4851
1416,4926
1416,5040
1416,5141
1416,5197
1416,5733
1416,5816
1416,5998
1416,6117
1416,6120
1416,7430
1416,7907
1416,9531
1416,9816
1417,1860
1417,1981
1417,2265
1417,3103
1417,4855
1417,8522
1417,9318
1417,9377
1417,9602
1418,2207
1418,3317
1418,3320
1418,3543
1418,3555
1418,4756
1418,4886
1418,5040
1418,6231
1418,6268
1418,8887
1418,8961
1418,9525
1418,9526
1418,9601
1419,1636
1419,9695
1420,3559
1420,4564
1420,4890
1420,4922
1421,1669
1421,1970
1421,3176
1421,3415
1421,4852
1421,6875
1421,9320
1422,3454
1422,9630
1423,9777
1424,2595
1424,4520
1424,5569
1424,8026
1424,8957
1425,5141
1425,8934
1425,9731
1426,2574
1426,5654
1426,6300
1426,6345
1426,7354
1426,9009
1427,2318
1427,4145
1427,6691
1427,8119
1427,8556
1428,4022
1428,7844
1429,3063
1429,3660
1429,4072
1429,4249
1429,4371
1429,4459
1429,5971
1429,6884
1429,7750
1429,8551
1429,9196
1429,9710
1429,9856
1430,9848
1431,3557
1431,6243
1431,9703
1432,2281
1432,4367
1432,4733
1432,9152
1433,4274
1433,6095
1434,6598
1434,8936
1435,1924
1435,4274
1435,4685
1435,6107
1435,7823
1436,2669
1436,4498
1436,5579
1436,9641
1437,8373
1438,1736
1438,3452
1439,7286
1440,2982
1440,3036
1440,3866
1440,3998
1440,4277
1440,4721
1440,9617
1440,9735
1441,9660
1442,9804
1443,6591
1444,4374
1445,3285
1445,5294
1446,6636
1446,7240
1447,9071
1447,9204
1448,1910
1448,2739
1448,4007
1448,4008
1448,5131
1448,6534
1449,2154
1449,5622
1449,8389
1450,5582
1450,7569
1451,2850
1451,8534
1452,2161
1452,4435
1452,8033
1453,6003
1453,9235
1454,3556
1454,9315
1454,9762
1455,1921
1455,1970
1455,2741
1455,3318
1455,3415
1457,2550
1457,2852
1457,4313
1457,6148
1457,6773
1458,1470
1459,2174
1459,4064
1459,4211
1459,4344
1459,7658
1459,8891
1460,6017
1460,9213
1461,3614
1461,4211
1461,4752
1461,4760
1461,5990
1461,6314
1461,6555
1461,7907
1462,3848
1462,4215
1462,4747
1462,6560
1462,7252
1462,7477
1462,8258
1463,3693
1463,4471
1463,8456
1464,3428
1464,5089
1464,8398
1465,4222
1465,4752
1465,5133
1465,5738
1465,6111
1465,6490
1465,9407
1466,1607
1466,2643
1466,5221
1466,5605
1466,6924
1466,8157
1466,8937
1467,1496
1467,4209
1467,4211
1467,4219
1467,4752
1467,4753
1467,5893
1467,6178
1468,3962
1468,5740
1468,8034
1468,8295
1468,9767
1469,3179
1470,3439
1470,4874
1470,6956
1471,4046
1471,9657
1472,3966
1472,7062
1472,7201
1472,8072
1472,9509
1473,5957
1473,6895
1474,3823
1474,7912
1475,1623
1475,3899
1476,6480
1477,6475
1478,1551
1479,1680
1479,1808
1479,4863
1479,4922
1479,5408
1479,9527
1479,9802
1480,5197
1481,2554
1481,3219
1481,4687
1481,5093
1481,9174
1482,9313
1483,1511
1483,1710
1483,2361
1483,2955
1483,3341
1483,3806
1483,5216
1483,6103
1483,6210
1483,6738
1483,6854
1483,7723
1483,8123
1483,9247
1484,2142
1484,2194
1484,3896
1484,4428
1484,4594
1485,5137
1486,1910
1486,2739
1486,4409
1486,9077
1487,5951
1488,7324
1489,2509
1489,3772
1489,5077
1489,7025
1489,7380
1489,7833
1489,8976
1489,9181
1489,9349
1489,9862
1490,2018
1490,2982
1490,3454
1490,3549
1490,4005
1490,4179
1490,4851
1490,5034
1490,5089
1490,7255
1490,7467
1490,7866
1490,7948
1490,8068
1490,8398
1490,8893
1490,9409
1490,9531
1490,9711
1490,9715
1490,9862
1491,2838
1491,7274
1493,1510
1493,2237
1493,8216
1493,9251
1494,7470
1494,8666
1495,1875
1495,5522
1495,6420
1495,6636
1496,4209
1497,1499
1497,3891
1497,5990
1497,6559
1497,8046
1498,1806
1498,2241
1498,2520
1498,4362
1498,7260
1498,8816
1499,6314
1499,6559
1500,2588
1500,3458
1500,5058
1500,7971
1500,8991
1501,9188
1502,7956
1502,9565
1503,2109
1503,2419
1503,5909
1503,6967
1503,9351
1503,9501
1504,3607
1504,4004
1504,4888
1504,6118
1504,7452
1504,8933
1505,2405
1505,9095
1506,2413
1506,2776
1506,8307
1506,8671
1507,2479
1507,4973
1507,7723
1508,1598
1508,5701
1508,5719
1508,8454
1508,9061
1508,9191
1509,2473
1511,1555
1511,2361
1511,2500
1511,3018
1511,3341
1511,4661
1511,6813
1511,7637
1511,7846
1512,4205
1512,8457
1513,4757
1513,6555
1514,3893
1514,5556
1514,6069
1514,7570
1515,8926
1516,6483
1517,2888
1517,6374
1517,6658
1517,8454
1518,7596
1519,1881
1519,2940
1519,5172
1520,9098
1521,3737
1521,6798
1522,2332
1522,4871
1522,8685
1523,1524
1523,7030
1524,7030
1525,3158
1525,9843
1526,1916
1526,4996
1526,6246
1527,1628
1528,3254
1529,1879
1529,2311
1529,3095
1529,3500
1529,3966
1529,4270
1529,4546
1529,6971
1529,7062
1529,7294
1529,8106
1529,8662
1529,8731
1529,8885
1529,9488
1529,9863
1530,1858
1530,5677
1531,1536
1531,1722
1531,2167
1531,2220
1531,2241
1531,2291
1531,4667
1531,4838
1531,5996
1531,7384
1531,7679
1531,8648
1531,9159
1531,9303
1531,9320
1532,1596
1532,2252
1532,2260
1532,2649
1532,5827
1532,9852
1533,2451
1533,2941
1533,7277
1533,9122
1534,4230
1534,4526
1534,7143
1535,2707
1535,6753
1535,6754
1536,2291
1537,1957
1537,5241
1537,8078
1537,8203
1537,8227
1537,9381
1538,8564
1539,3186
1539,7018
1540,1591
1540,2387
1540,2406
1540,3027
1540,3916
1540,5085
1540,5360
1540,5739
1540,6471
1540,7935
1540,9075
1540,9224
1541,3185
1541,4235
1541,6271
1542,1676
1542,2296
1542,2362
1542,2660
1542,2777
1542,3445
1542,3554
1542,3615
1542,3789
1542,4668
1542,5310
1542,5325
1542,5403
1542,5483
1542,5735
1542,6106
1542,6583
1542,6787
1542,6872
1542,6985
1542,7111
1542,7362
1542,7450
1542,7699
1542,7950
1543,1554
1543,2266
1543,2567
1543,2699
1543,4944
1543,7580
1543,9042
1544,7491
1544,8778
1545,2276
1545,3203
1545,3245
1545,5244
1546,6426
1547,2161
1547,4239
1547,4240
1547,4278
1547,4380
1547,4737
1547,7974
1547,9112
1547,9764
1549,2741
1549,4011
1549,4033
1549,5812
1549,6075
1549,7150
1549,7432
1549,7762
1549,8085
1550,3534
1551,6766
1552,2104
1552,6703
1552,8425
1553,6370
1554,2266
1554,2567
1555,1596
1555,2500
1555,3088
1555,3341
1555,5351
1555,6674
1555,6813
1555,6886
1555,8863
1556,6151
1556,9174
1557,4924
1557,6678
1557,8959
1557,9316
1558,2858
1558,6263
1558,6916
1558,6952
1558,7210
1558,7338
1558,9078
1558,9451
1559,3502
1559,4871
1559,6180
1560,6007
1562,4425
1563,6412
1563,7907
1564,1846
1564,2167
1564,3581
1564,5407
1564,5996
1565,1736
1565,2771
1566,2559
1566,2734
1566,3646
1566,4610
1566,6114
1568,3675
1568,8843
1569,3861
1570,3476
1570,3485
1570,5292
1571,7698
1572,3676
1573,4437
1573,5917
1574,5579
1574,7601
1574,9151
1575,3140
1575,4526
1575,4697
1575,5760
1575,8894
1576,7242
1577,3606
1578,4245
1578,7616
1578,7801
1580,3316
1580,7405
1581,6989
1582,2390
1582,2895
1582,3984
1582,7321
1583,1885
1583,5324
1583,5720
1583,5782
1583,6453
1583,8745
1584,3935
1584,6966
1585,1756
1585,2028
1585,2062
1585,2312
1585,4653
1585,7842
1586,2202
1586,2426
1586,2427
1586,3244
1586,3413
1586,4204
1586,4463
1586,4646
1586,5465
1586,5716
1586,8310
1586,8819
1586,8977
1586,9157
1586,9337
1586,9348
1586,9752
1586,9830
1587,6018
1589,1641
1589,2403
1589,8424
1590,6981
1591,2406
1591,3871
1591,4486
1591,5925
1591,8592
1592,1775
1592,8863
1593,7570
1594,3126
1594,7724
1595,2985
1596,1898
1596,2213
1596,2260
1596,2360
1596,2792
1596,2874
1596,5231
1596,6813
1596,6939
1596,7637
1596,8863
1596,9230
1596,9544
1596,9829
1597,5113
1597,6540
1599,4967
1599,5905
1600,1671
1600,2566
1600,2652
1600,6819
1600,7128
1600,7792
1600,7872
1600,8478
1602,9182
1603,6358
1603,8915
1603,9721
1604,2230
1604,7415
1604,8959
1605,3538
1605,4304
1605,6744
1606,3175
1606,3503
1606,5200
1606,9074
1606,9266
1607,1809
1607,3146
1607,3613
1607,4153
1607,4298
1607,4647
1607,5221
1607,5605
1607,5817
1607,6633
1607,7379
1607,8157
1607,8251
1607,8513
1607,9151
1608,4341
1608,4754
1608,4973
1608,8387
1608,8571
1609,8541
1610,1612
1610,2112
1610,2699
1610,2972
1610,3609
1610,4628
1610,4870
1610,4871
1610,5032
1610,5066
1610,5088
1610,5416
1610,6259
1610,6347
1610,6588
1610,6864
1610,6974
1610,7071
1610,7506
1610,8425
1610,8911
1610,9146
1610,9151
1610,9312
1611,2684
1611,3039
1611,3298
1611,4724
1611,7058
1611,7730
1611,7743
1611,8906
1613,1795
1613,2513
1613,3057
1613,8731
1613,8905
1614,9213
1615,5739
1615,7093
1616,2291
1616,6580
1616,6864
1616,9424
1616,9535
1616,9571
1616,9703
1617,1640
1617,1688
1617,1691
1617,4468
1617,5616
1617,6254
1617,6478
1617,6804
1617,7025
1617,7202
1617,7380
1617,7469
1617,8234
1617,8496
1617,9282
1617,9726
1618,9295
1619,3844
1619,4999
1619,7093
1619,7269
1620,3340
1620,3485
1620,4547
1620,5416
1620,9151
1621,1645
1621,3366
1621,8694
1623,3899
1624,3668
1624,5327
1625,3819
1625,5421
1625,8939
1626,2504
1626,4829
1626,8345
1626,8375
1627,5787
1627,8121
1629,3638
1629,3953
1629,4672
1629,6163
1630,1952
1630,2410
1630,2434
1630,3095
1630,5151
1630,5453
1630,6471
1630,6815
1630,7424
1630,9333
1630,9701
1632,2437
1632,4112
1632,5002
1632,5760
1632,7723
1633,7768
1634,4491
1634,4956
1634,9421
1635,6778
1635,6890
1635,7230
1636,1846
1636,2017
1636,7246
1636,7658
1636,8011
1636,8664
1637,2657
1637,6866
1637,6890
1637,7274
1637,7766
1637,8117
1637,9158
1637,9721
1638,1897
1638,6971
1638,7911
1640,7025
1641,2403
1641,6891
1641,8424
1642,5428
1643,6404
1644,6641
1644,7408
1644,8326
1645,1722
1645,3130
1645,3366
1645,6714
1646,2267
1646,5366
1647,5210
1648,9116
1649,2668
1649,3751
1649,7444
1650,6742
1650,9700
1651,3765
1651,4726
1651,5303
1651,5494
1652,2548
1652,2567
1652,2651
1652,4968
1652,5282
1652,7255
1652,7394
1652,8663
1652,9760
1653,5511
1653,9238
1654,2545
1654,5640
1654,9468
1655,2301
1655,2495
1655,3831
1655,5504
1655,6067
1655,7056
1655,7625
1655,7888
1655,8878
1656,3085
1656,8278
1657,4044
1657,5355
1658,3356
1658,6425
1659,9711
1660,5066
1660,7402
1661,5008
1661,6912
1661,8404
1661,8885
1662,2506
1662,3840
1662,4664
1662,6110
1662,8415
1663,3238
1663,4735
1664,3015
1664,3276
1664,6605
1665,2528
1665,4079
1665,9635
1666,2611
1666,2882
1666,3258
1666,4471
1666,4688
1666,5346
1666,6971
1666,7372
1666,8917
1667,5045
1668,9423
1669,5197
1669,6055
1670,3621
1670,5227
1671,6140
1671,7128
1671,7872
1672,2753
1672,3913
1672,4712
1672,5008
1672,6912
1672,7413
1672,7776
1672,8404
1672,8890
1673,5935
1673,6168
1673,7777
1673,8694
1674,2827
1674,3529
1674,4619
1674,7150
1674,7752
1674,8992
1674,9355
1674,9554
1675,7429
1676,2296
1676,2362
1676,2660
1676,2777
1676,3445
1676,3554
1676,3615
1676,3789
1676,4668
1676,5310
1676,5325
1676,5403
1676,5483
1676,5735
1676,6106
1676,6583
1676,6787
1676,6872
1676,6985
1676,7111
1676,7362
1676,7450
1676,7699
1676,7950
1677,9288
1678,8915
1678,9721
1679,3405
1679,5366
1680,1808
1680,4863
1680,4922
1680,5408
1680,7247
1680,9527
1680,9802
1681,2819
1681,5126
1681,5267
1682,2334
1682,9439
1683,2028
1683,5739
1684,5738
1684,6206
1686,5910
1686,8673
1687,7087
1688,5616
1688,6478
1688,7380
1688,7469
1688,8234
1689,8363
1689,8667
1690,6830
1690,7100
1690,7376
1690,7915
1690,8815
1691,5616
1691,6478
1691,7380
1691,7469
1691,8234
1691,9282
1692,2252
1692,3772
1692,5584
1692,6039
1692,6040
1692,6043
1692,6044
1692,8627
1693,2684
1693,4801
1694,2830
1694,2883
1694,6371
1695,2209
1695,2518
1695,2946
1695,3027
1695,3481
1695,3970
1695,4179
1695,4363
1695,4485
1695,4772
1695,5906
1695,6397
1695,6463
1695,6924
1695,7104
1695,7466
1695,7762
1695,7949
1695,7953
1695,8058
1695,8189
1695,8733
1696,4021
1696,6434
1697,9828
1698,2341
1698,9314
1699,6620
1700,1887
1700,2783
1700,6927
1700,9866
1701,1879
1701,3171
1701,6971
1701,9489
1702,1926
1702,2735
1702,7390
1703,2878
1703,2891
1703,4974
1703,8113
1704,6673
1704,6692
1705,1812
1705,4572
1705,5546
1705,5708
1705,6550
1705,7266
1705,7398
1705,7723
1705,9280
1706,5892
1706,6694
1707,2742
1707,6686
1707,6724
1708,4682
1708,5354
1709,8716
1710,3341
1710,5216
1710,6210
1711,6205
1711,6209
1712,5266
1712,6133
1712,6756
1712,6759
1712,7488
1713,6055
1713,7165
1714,1752
1714,7737
1715,1999
1715,4277
1715,4415
1715,4473
1715,5029
1715,5048
1715,5606
1715,5685
1715,7201
1715,7453
1715,8753
1715,9617
1716,9390
1717,1998
1717,2707
1718,2703
1718,7306
1719,2271
1719,2760
1719,6895
1719,9013
1719,9697
1721,3994
1721,4206
1721,4754
1721,9247
1722,1856
1722,2072
1722,2220
1722,2241
1722,2622
1722,2786
1722,3002
1722,3065
1722,3552
1722,3592
1722,4667
1722,4688
1722,4924
1722,5008
1722,5009
1722,5302
1722,6217
1722,6293
1722,6458
1722,6747
1722,6864
1722,6912
1722,7201
1722,7491
1722,7502
1722,7664
1722,8068
1722,8267
1722,8404
1722,8890
1722,8934
1722,9050
1722,9145
1722,9320
1722,9655
1722,9670
1723,1803
1723,3002
1723,8267
1724,1894
1724,5130
1724,8169
1724,9136
1725,5013
1726,8570
1726,9065
1727,6245
1728,4683
1728,7180
1728,9056
1729,2712
1729,3258
1729,5174
1729,6555
1729,7090
1729,8909
1729,9076
1729,9297
1730,2028
1730,4987
1731,1732
1731,8205
1732,1836
1732,6162
1732,8205
1733,1971
1733,2324
1733,2435
1733,3603
1733,4462
1733,4653
1733,5340
1733,6098
1733,8170
1734,4193
1734,4477
1734,8579
1734,9795
1735,5106
1735,6526
1735,6984
1736,2771
1736,2931
1736,3901
1736,4024
1736,5074
1736,6532
1736,7208
1736,8162
1736,8973
1737,3537
1737,4021
1738,4483
1738,5033
1738,5236
1738,5329
1738,6036
1738,6928
1738,7163
1738,8473
1738,8580
1738,9259
1739,1866
1739,9362
1740,5073
1741,1942
1741,4845
1741,4856
1741,6776
1741,8297
1742,2517
1743,5644
1744,7304
1746,1795
1746,2253
1746,2352
1746,2511
1746,2513
1746,3382
1746,3966
1746,4740
1746,5048
1746,6971
1746,8318
1746,8731
1746,8860
1746,8905
1746,9701
1747,3871
1747,4266
1747,5791
1747,7602
1747,9347
1748,1753
1748,2093
1748,3225
1748,3539
1748,8122
1748,9173
1748,9699
1749,5420
1749,5698
1749,6105
1750,4748
1750,6117
1750,6120
1750,6313
1751,4543
1751,8264
1753,3009
1753,3140
1753,3345
1753,3886
1753,4466
1753,5107
1753,6087
1753,6148
1753,6185
1753,6363
1753,6427
1753,8272
1753,8355
1753,8881
1753,9173
1753,9417
1754,5242
1755,7492
1756,2149
1756,2222
1756,2312
1756,3057
1756,3356
1756,3816
1756,3913
1756,5858
1756,6136
1756,6893
1756,7183
1756,7716
1756,9165
1756,9213
1756,9350
1757,5236
1758,8452
1759,8856
1760,2990
1762,8079
1763,2366
1763,3081
1763,3963
1763,4137
1763,4266
1763,4505
1763,6895
1763,7748
1763,8432
1763,8524
1764,2103
1764,6750
1765,4831
1766,3478
1767,2027
1767,3280
1767,3828
1767,4192
1767,5212
1768,2067
1768,3078
1768,5110
1768,7510
1769,3787
1769,7123
1769,7206
1769,7289
1769,7559
1769,7927
1770,8084
1772,5075
1772,5354
1773,4562
1774,2476
1774,7705
1774,8845
1775,1816
1775,2080
1775,2301
1775,2529
1775,3539
1775,3573
1775,4190
1775,5117
1775,5487
1775,6514
1775,6699
1775,6921
1775,7110
1775,7121
1775,7422
1775,7948
1775,7999
1775,8121
1775,8151
1775,8692
1775,8863
1775,9254
1775,9517
1776,3795
1776,5863
1777,5601
1778,1779
1778,1906
1778,2726
1778,2767
1778,2768
1778,2786
1778,3603
1778,3844
1778,4082
1778,4324
1778,4558
1778,5138
1778,5174
1778,5197
1778,5358
1778,5643
1778,5863
1778,5864
1778,6576
1778,7088
1778,7090
1778,7201
1778,7646
1778,8536
1778,8909
1778,9080
1778,9287
1778,9562
1779,3929
1779,4956
1779,5138
1779,6136
1779,6859
1779,7090
1779,7646
1780,1970
1780,7104
1780,7337
1781,1842
1781,2669
1781,3366
1781,3432
1781,3614
1781,3823
1781,3966
1781,4035
1781,5474
1781,5864
1781,6312
1781,6555
1781,7076
1781,7584
1781,7938
1781,7977
1781,7999
1781,8679
1781,9641
1782,1783
1783,2611
1783,2977
1783,8393
1784,3829
1784,5205
1785,2164
1785,2265
1785,3987
1785,4356
1785,4368
1785,4786
1785,5026
1785,5405
1785,7023
1786,2444
1786,4110
1786,4262
1786,5293
1786,5428
1786,5499
1787,3215
1787,3581
1787,7088
1787,7663
1787,7962
1787,7981
1787,8299
1787,9684
1788,1789
1790,3273
1790,3820
1791,2769
1791,5911
1791,8162
1792,3485
1792,4748
1792,5228
1792,5791
1792,6809
1792,9151
1793,4970
1793,4990
1793,8314
1794,2274
1794,4105
1794,4427
1795,2352
1795,2513
1795,3057
1795,4439
1795,4806
1795,4937
1795,4938
1795,4989
1795,5111
1795,5606
1795,6971
1795,7161
1795,8312
1795,8905
1795,9115
1795,9137
1795,9219
1796,2085
1796,2247
1796,3090
1796,6108
1796,9445
1797,1906
1797,3130
1797,3324
1797,5174
1797,5615
1797,6260
1797,6402
1797,9080
1797,9287
1798,2723
1798,4030
1798,4745
1798,5199
1798,6634
1798,7841
1798,8858
1798,9256
1798,9301
1799,2444
1799,3855
1799,5649
1799,5986
1799,6337
1799,6722
1800,5210
1801,3481
1801,4179
1801,5391
1802,1804
1802,3248
1802,3579
1802,4191
1802,4803
1802,5286
1802,6706
1802,6797
1802,7071
1802,7214
1802,7967
1802,8911
1802,9057
1802,9192
1803,3002
1803,8267
1804,6706
1804,8911
1804,9192
1805,7409
1805,8582
1806,2241
1806,3395
1806,4667
1806,6686
1806,7284
1807,3042
1807,3967
1807,6433
1807,8220
1807,8668
1807,8684
1807,9063
1808,4863
1808,4922
1808,5408
1808,9527
1808,9802
1809,4647
1810,2091
1810,4120
1810,8646
1812,4572
1814,2256
1814,2778
1814,2789
1814,2984
1814,3210
1814,5472
1814,6362
1814,6483
1814,6512
1814,6801
1814,7397
1814,7762
1814,9203
1815,5594
1816,9240
1817,5261
1817,7023
1818,7907
1819,7446
1819,7758
1820,7799
1820,7946
1820,8106
1820,8766
1820,8917
1821,2161
1821,2378
1821,2756
1821,4240
1822,2291
1823,3700
1823,8755
1824,2067
1824,2099
1824,2168
1824,2609
1824,3229
1824,4651
1824,4675
1824,5028
1824,7096
1824,7132
1824,9069
1824,9081
1824,9712
1825,3337
1825,4324
1825,8773
1826,4101
1826,7948
1826,8525
1826,8657
1826,8956
1827,4101
1827,7948
1827,8525
1828,3265
1828,4447
1829,3481
1829,5620
1830,5173
1830,5855
1830,5963
1831,2259
1831,2769
1831,5428
1831,6329
1831,8955
1832,8056
1833,2763
1833,5197
1834,2309
1834,2556
1834,3444
1834,7791
1835,4739
1835,5818
1835,8811
1836,2092
1836,2165
1836,3965
1836,5421
1836,7269
1836,7291
1836,7323
1836,8782
1836,9290
1837,2323
1837,2509
1837,2646
1837,2648
1837,2753
1837,2792
1837,2927
1837,3549
1837,3757
1837,4494
1837,5004
1837,5104
1837,5112
1837,6813
1837,7058
1837,7683
1837,8262
1837,8284
1837,8308
1837,8313
1837,8569
1837,8758
1837,8760
1837,8863
1837,9500
1838,2336
1838,2908
1838,9419
1839,3021
1839,5917
1839,8144
1840,6900
1840,7031
1841,2979
1842,5474
1842,7584
1842,7977
1843,2462
1843,2778
1843,8415
1844,5559
1844,5609
1844,6879
1844,8255
1845,2517
1846,2659
1846,2924
1846,3022
1846,3581
1846,3587
1846,4908
1846,4963
1846,5084
1846,6163
1846,8080
1846,9724
1846,9785
1847,7728
1847,9080
1848,2812
1848,2875
1848,5506
1848,6017
1848,8121
1849,8184
1850,4193
1850,4623
1850,5019
1850,5925
1850,7044
1851,3412
1851,4266
1851,7310
1851,7763
1852,4328
1853,4526
1853,4543
1853,6953
1853,7999
1853,8978
1854,5557
1855,8200
1856,2220
1856,2241
1856,4667
1857,9782
1858,5677
1859,2513
1859,2982
1859,6720
1859,6971
1859,7054
1859,7131
1859,7946
1859,8482
1859,8916
1859,8917
1859,9724
1860,2820
1860,4855
1860,9602
1861,2193
1861,3205
1861,4119
1861,4159
1861,4744
1861,5058
1861,6379
1861,6489
1861,7698
1861,8138
1861,8239
1861,8691
1861,9505
1862,1863
1862,2966
1862,8555
1863,8555
1864,1954
1864,4686
1864,9374
1865,4741
1865,5348
1866,4248
1866,4649
1866,6952
1867,2269
1868,8161
1868,9209
1869,3796
1869,8642
1870,2599
1870,2935
1870,5402
1871,2183
1871,4153
1871,4714
1871,5240
1871,9179
1872,3958
1873,3658
1873,5734
1873,7747
1874,2135
1875,5522
1875,6420
1875,6433
1875,6636
1876,4325
1876,4326
1876,6389
1876,8674
1876,8703
1876,8964
1877,4439
1877,7024
1877,7031
1877,7677
1877,7949
1878,2240
1878,2632
1878,2817
1878,5053
1878,6112
1878,6367
1878,6372
1879,2786
1879,3171
1879,3366
1879,3966
1879,4546
1879,6971
1879,7612
1879,8885
1879,9489
1880,4098
1880,4842
1880,8313
1881,2940
1881,4027
1881,4112
1881,4238
1881,4257
1881,4403
1881,5172
1881,8407
1881,9130
1882,1952
1882,3579
1882,3804
1882,6437
1882,6564
1883,3165
1883,6596
1884,1989
1884,4077
1885,2487
1885,2602
1885,5720
1885,6122
1885,6453
1885,8745
1885,8755
1886,2930
1887,2080
1887,2505
1887,2786
1887,2872
1887,3013
1887,3356
1887,3775
1887,4754
1887,4830
1887,5007
1887,5425
1887,6584
1887,6895
1887,6927
1887,7643
1887,7850
1887,7910
1887,8396
1887,8699
1887,8702
1887,8746
1887,9025
1887,9298
1888,2084
1888,2096
1888,4115
1888,7833
1888,8888
1888,9405
1890,4682
1890,5354
1891,3485
1891,5180
1891,5224
1891,6394
1891,7564
1891,7885
1891,9151
1892,2836
1892,3526
1892,4907
1892,7084
1892,7744
1893,7494
1893,9478
1894,5130
1894,9136
1895,2144
1896,4421
1897,4741
1897,4842
1897,6265
1897,6302
1897,6971
1897,7911
1898,2213
1898,2423
1898,2812
1898,2875
1898,3356
1898,5231
1898,5326
1898,6939
1898,8121
1898,8863
1899,4742
1900,2934
1900,4082
1901,8808
1902,2458
1902,2645
1902,3242
1902,4020
1902,5062
1902,5698
1902,5924
1902,6880
1903,2518
1903,3065
1903,3207
1903,3293
1903,3524
1903,3708
1903,4033
1903,4076
1903,5623
1903,5642
1903,6397
1903,6815
1903,9869
1904,4153
1904,4545
1905,2703
1905,7101
1906,4255
1906,4632
1906,5174
1906,9287
1906,9646
1907,2080
1907,2204
1907,2518
1907,2621
1907,3991
1907,4486
1907,5358
1907,5395
1907,5602
1907,6694
1907,6770
1907,6832
1907,7124
1907,7479
1907,7536
1907,8118
1907,8189
1907,9378
1908,2028
1908,2197
1908,2434
1908,2882
1908,3091
1908,3702
1908,5739
1908,5792
1908,7076
1908,7360
1908,7889
1908,9492
1909,5399
1909,6750
1909,9731
1910,2167
1910,2739
1910,4007
1910,4008
1910,4443
1910,4627
1910,5131
1910,5407
1910,5996
1910,6534
1910,6541
1910,9077
1911,2782
1911,4274
1911,7024
1911,8251
1911,8924
1912,3341
1912,4148
1912,5771
1912,6823
1913,4782
1914,5269
1914,6103
1915,8412
1916,2350
1916,7358
1916,9090
1917,2221
1917,7766
1918,1983
1919,4999
1920,2711
1920,4362
1920,5586
1920,6889
1920,8398
1920,9405
1921,3318
1923,2897
1923,7555
1923,9830
1924,8083
1924,8226
1924,9822
1925,5359
1925,9536
1926,2067
1926,2291
1926,2486
1926,2762
1926,4363
1926,5101
1926,5226
1926,5802
1926,5925
1926,7260
1926,8991
1927,2992
1927,6049
1927,7462
1927,8435
1928,6758
1929,4621
1929,7139
1929,7674
1929,7920
1929,8365
1930,3512
1930,4140
1930,5151
1930,5739
1930,5766
1930,5792
1930,6397
1930,6555
1930,6862
1930,7814
1930,7938
1930,9187
1930,9188
1931,9143
1932,7742
1932,8183
1933,3096
1933,6950
1933,7397
1934,3390
1934,8413
1934,9208
1934,9352
1935,2072
1935,4924
1935,5291
1935,5447
1935,6122
1935,7664
1935,7816
1935,8016
1936,5840
1936,5875
1936,8179
1936,8467
1936,8996
1936,9101
1937,7047
1939,2292
1939,4111
1939,4417
1939,4444
1939,6141
1940,2099
1940,2818
1940,2824
1940,3938
1940,3970
1940,4011
1940,4657
1940,4715
1940,5226
1940,6900
1940,7128
1940,8132
1940,8526
1940,8744
1940,9380
1941,2028
1941,2119
1941,2946
1941,2972
1941,4772
1941,5081
1941,5812
1941,6075
1941,6183
1941,7072
1941,7104
1941,7889
1941,7953
1941,8058
1941,8132
1941,8778
1942,4845
1942,8297
1942,9526
1943,2234
1944,5097
1944,8115
1945,3902
1945,4848
1945,9319
1946,2924
1946,3543
1946,9195
1946,9323
1946,9785
1946,9790
1947,4148
1947,6813
1947,6823
1948,2816
1948,3181
1948,4193
1948,6682
1949,6146
1949,6342
1950,6897
1950,7275
1950,9048
1951,5809
1952,2034
1952,2982
1952,3207
1952,3579
1952,3938
1952,4033
1952,4439
1952,5114
1952,5250
1952,5792
1952,6437
1952,9715
1953,2421
1953,6878
1953,8422
1953,8623
1954,3037
1954,9374
1955,3339
1955,9478
1956,2793
1956,7961
1957,5241
1957,8078
1957,8203
1957,8227
1957,9381
1958,3927
1960,2072
1960,5606
1960,6859
1960,7062
1960,7948
1961,2078
1961,2962
1961,3913
1961,4422
1961,6686
1961,6687
1961,7427
1961,7910
1961,8167
1961,8197
1961,8904
1963,8596
1964,3147
1964,3196
1964,8213
1965,2038
1965,6089
1966,5968
1967,7507
1967,7983
1968,2757
1968,6047
1968,7785
1969,2228
1969,3380
1969,5265
1969,6666
1969,8706
1970,2741
1970,3176
1970,3415
1970,6908
1970,6924
1970,7104
1970,9626
1971,2435
1971,3603
1971,3996
1972,2156
1972,4341
1972,5141
1972,5784
1972,7907
1972,8571
1972,9390
1973,4461
1973,9294
1974,2945
1975,3778
1975,4217
1976,4392
1976,9131
1977,2044
1977,3968
1977,4405
1977,5194
1977,5195
1977,5922
1977,6175
1977,6896
1977,7374
1978,2859
1978,4722
1978,6030
1978,9061
1978,9793
1979,5480
1980,2704
1981,4685
1981,5674
1981,8471
1982,5550
1982,6084
1982,7481
1983,3294
1983,3792
1983,4753
1983,4839
1983,5296
1983,6282
1983,6953
1984,6426
1986,2838
1986,3530
1986,4673
1986,5717
1986,6000
1986,9492
1987,3093
1988,2655
1988,5742
1989,4077
1990,2144
1990,3305
1990,6236
1990,9710
1991,5053
1991,5710
1991,7979
1992,8876
1992,8986
1992,9352
1993,5171
1993,5462
1993,7621
1994,9733
1995,4127
1995,7635
1996,4832
1997,2532
1997,8800
1998,2707
1998,5234
1999,2966
1999,4176
1999,5032
1999,6458
1999,6521
1999,8400
1999,8983
1999,9297
1999,9492
2000,3371
2001,3634
2002,2649
2002,3713
2002,6591
2002,7276
2002,7376
2002,8247
2002,8318
2002,8712
2002,8951
2002,9260
2002,9849
2003,2376
2003,8676
2003,8903
2004,2999
2004,3461
2004,4804
2004,4847
2004,4892
2004,5332
2005,2040
2005,3529
2005,3717
2005,4750
2005,4925
2005,5430
2005,8747
2005,9776
2006,3111
2006,6080
2007,2615
2007,2715
2007,3056
2007,3372
2007,9249
2008,2678
2008,3487
2008,4391
2008,8868
2009,2111
2009,3993
2010,5990
2010,7926
2011,2514
2011,5756
2011,6788
2011,7290
2011,8470
2012,2311
2012,6458
2013,5032
2013,5314
2013,6574
2014,5488
2014,5589
2015,7246
2016,2511
2016,3481
2016,3482
2016,3588
2016,3808
2016,3876
2016,4179
2016,4271
2016,4303
2016,4547
2016,5391
2016,5407
2016,6569
2016,8199
2016,8859
2016,9102
2016,9388
2017,2082
2017,5394
2017,6816
2017,6867
2017,6984
2017,7134
2017,7246
2017,7459
2017,7658
2017,8682
2017,8783
2017,9231
2017,9348
2018,6452
2018,6716
2018,6958
2019,5065
2020,2871
2020,5504
2021,2214
2021,4329
2021,5409
2021,5580
2021,8391
2022,2140
2022,2778
2022,3803
2022,4412
2022,5471
2022,8018
2022,8147
2022,9083
2023,8165
2023,9071
2024,3245
2024,3781
2024,4840
2024,5244
2024,5299
2024,5841
2024,6123
2024,6793
2024,6996
2024,7611
2024,9468
2025,5205
2025,8189
2026,6681
2027,3280
2027,4226
2028,2398
2028,2882
2028,2977
2028,2982
2028,3524
2028,3592
2028,3754
2028,3838
2028,3934
2028,4069
2028,4078
2028,4105
2028,4715
2028,4772
2028,4849
2028,4851
2028,4923
2028,4987
2028,4999
2028,5299
2028,5739
2028,5792
2028,6072
2028,6397
2028,6880
2028,6937
2028,7360
2028,7842
2028,7844
2028,7847
2028,7889
2028,8012
2028,8382
2028,8476
2028,9076
2028,9869
2030,2712
2030,2786
2030,2788
2030,2990
2030,3524
2030,4064
2030,8535
2030,8891
2031,2687
2031,2712
2031,2786
2031,3360
2031,3524
2031,7571
2031,8314
2031,8535
2031,8749
2032,2499
2032,4240
2032,9504
2033,2795
2033,3340
2033,4240
2034,9715
2035,5026
2035,6281
2036,9366
2037,2191
2037,3067
2037,3600
2037,3757
2037,4589
2037,6163
2037,8262
2037,8752
2038,6089
2038,8493
2039,3166
2040,3529
2040,3717
2040,4750
2040,4925
2040,5430
2040,8747
2040,9776
2041,5204
2041,8964
2042,3098
2042,5416
2044,5195
2044,6896
2046,2147
2046,2270
2046,2439
2046,2767
2046,4487
2046,4837
2046,8520
2046,9484
2047,2845
2047,6979
2047,8813
2047,9274
2048,2555
2048,4538
2048,8431
2049,6780
2049,8757
2050,3354
2050,7267
2051,3738
2051,5794
2052,6193
2052,8346
2052,9497
2053,3035
2053,3750
2053,6397
2053,8934
2054,3511
2054,4169
2054,4659
2054,7151
2055,3549
2056,9592
2057,2341
2057,2561
2057,3850
2057,3853
2057,4852
2057,4929
2057,9550
2057,9595
2057,9775
2058,7607
2058,8127
2059,8386
2060,8556
2061,9536
2062,2600
2062,3151
2062,3356
2062,3713
2062,4135
2062,5089
2062,5338
2062,5823
2062,7007
2062,8629
2062,8824
2062,9197
2062,9311
2063,2903
2063,4400
2063,4865
2063,7432
2063,8102
2063,8806
2064,5163
2064,9785
2065,4792
2066,4792
2067,2762
2067,3027
2067,5823
2067,7096
2067,7260
2067,7510
2068,7952
2068,8469
2069,9478
2070,3600
2070,5009
2070,7724
2070,7813
2072,2236
2072,2352
2072,2786
2072,3402
2072,3552
2072,4186
2072,4924
2072,5008
2072,5009
2072,5302
2072,5606
2072,6124
2072,6354
2072,6859
2072,6912
2072,7062
2072,7491
2072,7664
2072,7744
2072,7948
2072,8404
2072,8885
2072,8890
2072,9165
2072,9492
2073,3676
2074,5284
2074,7696
2074,8113
2074,9428
2075,9400
2076,3414
2076,5501
2077,5711
2078,2962
2078,3900
2078,3913
2078,4332
2078,4422
2078,4641
2078,6225
2078,6686
2078,6687
2078,7427
2078,7910
2078,8037
2078,8197
2078,8904
2078,8905
2078,8982
2079,3883
2079,6709
2080,2329
2080,2529
2080,2787
2080,3013
2080,3178
2080,3179
2080,3775
2080,4341
2080,4452
2080,4754
2080,4881
2080,5007
2080,5201
2080,5478
2080,5802
2080,6699
2080,7110
2080,7271
2080,7816
2080,7910
2080,8149
2080,8692
2080,8702
2080,8774
2080,8924
2080,8956
2080,9521
2080,9755
2081,5077
2082,4672
2082,8682
2083,4692
2083,4796
2083,5795
2084,7833
2084,8888
2084,9405
2085,3090
2086,5232
2087,7512
2088,3889
2088,4491
2088,4747
2088,6092
2088,6248
2088,8097
2088,8786
2089,7987
2089,9478
2090,2665
2090,2699
2090,4561
2090,5483
2090,7545
2090,9165
2090,9190
2092,9764
2093,2301
2093,3539
2093,6028
2093,7022
2093,7631
2093,8088
2093,8481
2094,2982
2094,7724
2095,2663
2095,6519
2095,7121
2095,8513
2096,4115
2097,3531
2097,3533
2097,6504
2098,8084
2098,8899
2099,2292
2099,2609
2099,2818
2099,3545
2099,3953
2099,3970
2099,4341
2099,4360
2099,4583
2099,4923
2099,5028
2099,6199
2099,6900
2099,6927
2099,7106
2099,7128
2099,7883
2099,7921
2099,7955
2099,7975
2099,8025
2099,8268
2099,8584
2099,8641
2099,9074
2099,9081
2099,9213
2099,9712
2100,2310
2100,4183
2100,5527
2100,8993
2101,3901
2102,2649
2102,9846
2102,9849
2103,6750
2104,2278
2104,3676
2104,5058
2104,7067
2105,4166
2105,4457
2105,7435
2105,7546
2105,7599
2105,9026
2105,9789
2106,3818
2106,3871
2106,4899
2106,8539
2107,2453
2107,3112
2107,4059
2107,7463
2107,7765
2107,8165
2107,9861
2108,9711
2109,2419
2109,5909
2109,6967
2109,9351
2109,9501
2110,2788
2110,3524
2110,4064
2110,4365
2110,8650
2110,8891
2111,3993
2111,4220
2112,2178
2112,2982
2112,3107
2112,3162
2112,4231
2112,4999
2112,5095
2112,5123
2112,6574
2112,6748
2112,8068
2112,8315
2112,9312
2112,9326
2113,4184
2113,4286
2113,4369
2113,4370
2113,7329
2113,8147
2113,8828
2113,9260
2113,9820
2114,3650
2114,4376
2114,6200
2114,8646
2115,7174
2117,5891
2117,7351
2118,5655
2118,8023
2119,2972
2120,4856
2121,4992
2122,2570
2122,2780
2122,2876
2122,3083
2122,5250
2122,5323
2122,6260
2122,6312
2122,7723
2122,7837
2122,8679
2122,8680
2122,8910
2122,9874
2123,2352
2123,3549
2123,6738
2123,6796
2123,7816
2123,8262
2123,9409
2124,6543
2125,3345
2125,4246
2125,4262
2125,6005
2125,8166
2126,4123
2126,4364
2127,2491
2127,3583
2127,9755
2129,3965
2129,6062
2129,7835
2130,5957
2131,2745
2131,4742
2131,8337
2132,3508
2133,7854
2133,8461
2134,8605
2135,2736
2135,2738
2135,2755
2135,3512
2135,3741
2135,3861
2135,3996
2135,6776
2135,7535
2135,8284
2135,8505
2135,8569
2135,9333
2135,9544
2135,9570
2135,9599
2136,9089
2136,9151
2137,2323
2137,2611
2137,3494
2137,3523
2137,3576
2137,3580
2137,5570
2137,8194
2138,2574
2138,4555
2138,9141
2139,2448
2139,7425
2140,3803
2140,4987
2140,5471
2141,2523
2141,6282
2141,8413
2142,2194
2142,4428
2142,4594
2142,4841
2142,7869
2142,8935
2143,2813
2143,8292
2144,9532
2144,9710
2144,9739
2145,3534
2145,8462
2145,8675
2146,4298
2146,5817
2147,6282
2147,8413
2148,4517
2148,5903
2149,4172
2149,5214
2149,5687
2150,5563
2150,8567
2152,7794
2153,3965
2153,4788
2153,8768
2154,5017
2154,5447
2154,5622
2154,8081
2154,8389
2155,4508
2155,8938
2156,4341
2156,7907
2156,8571
2157,9756
2158,9078
2159,7038
2160,2330
2160,2467
2160,2824
2160,3693
2160,4585
2160,6652
2160,6832
2160,7038
2160,7648
2160,7850
2160,8927
2160,9165
2161,2378
2161,2383
2161,2478
2161,2717
2161,2756
2161,3412
2161,3597
2161,3776
2161,4000
2161,4095
2161,4240
2161,4526
2161,4810
2161,4992
2161,5055
2161,5105
2161,5764
2161,5937
2161,6217
2161,6293
2161,6778
2161,7361
2161,7974
2161,8033
2161,8503
2161,8798
2161,8999
2161,9112
2161,9134
2161,9764
2162,7965
2164,2265
2164,4450
2164,8243
2165,5421
2166,5301
2166,5324
2166,5912
2166,7407
2166,8685
2166,9235
2167,2291
2167,2292
2167,2545
2167,2689
2167,2739
2167,2767
2167,3095
2167,3970
2167,3999
2167,4043
2167,4636
2167,4799
2167,4955
2167,4975
2167,5407
2167,5645
2167,5996
2167,6366
2167,6534
2167,6875
2167,6876
2167,7012
2167,7282
2167,7592
2167,8778
2167,9259
2167,9472
2167,9649
2167,9701
2167,9866
2168,3438
2168,4675
2168,5943
2168,7686
2168,9352
2168,9416
2168,9522
2169,2339
2169,3323
2169,5673
2169,8694
2170,2195
2170,3221
2170,3944
2170,4880
2170,6717
2170,8183
2170,9037
2170,9703
2171,3965
2171,6616
2172,2796
2172,4191
2172,4508
2172,5143
2172,6852
2172,7468
2172,9266
2172,9551
2173,3709
2173,7096
2174,4064
2174,8891
2176,3862
2176,4506
2176,4661
2176,4670
2176,5778
2176,6813
2176,7109
2176,7846
2176,8286
2176,8311
2176,9766
2177,2866
2177,3213
2177,4036
2178,3107
2178,3162
2178,4499
2179,4587
2179,7324
2179,7363
2179,9296
2180,3537
2180,4524
2181,2786
2181,2990
2181,3130
2181,3524
2181,3871
2181,5178
2181,5346
2181,5925
2181,7149
2181,7494
2181,7624
2181,8315
2181,8664
2181,8713
2181,8885
2182,4419
2182,4575
2182,6217
2182,7668
2182,7925
2182,8503
2183,9179
2184,2742
2184,3066
2184,3663
2184,3942
2184,6196
2184,6474
2184,7860
2184,8824
2185,3950
2185,6326
2185,7673
2185,8472
2186,6179
2186,8525
2186,9411
2187,2256
2187,4671
2187,4833
2187,7017
2187,7173
2187,7718
2188,3677
2188,5000
2188,8002
2188,9148
2189,3950
2190,3546
2190,3750
2190,5336
2190,6546
2190,7038
2190,7210
2190,7368
2190,8350
2190,8664
2190,9468
2191,3732
2191,5001
2191,5935
2191,7090
2191,7091
2191,7212
2191,7626
2191,7777
2192,4086
2192,5988
2193,3205
2193,4119
2193,4159
2193,4744
2193,5058
2193,6379
2193,6489
2193,7698
2193,8138
2193,8239
2193,8691
2193,9505
2194,2465
2194,4428
2194,4594
2194,4841
2194,8935
2195,3878
2195,3944
2195,4137
2195,5416
2195,5884
2195,6363
2195,6692
2195,7115
2195,8206
2195,9214
2196,2328
2196,2527
2196,6414
2196,7436
2197,2882
2197,3419
2197,7360
2198,3966
2199,2288
2200,3145
2200,4716
2201,5796
2202,2426
2202,2427
2202,3244
2202,3302
2202,3413
2202,4204
2202,4463
2202,4646
2202,5465
2202,5716
2202,8310
2202,8819
2202,8977
2202,9157
2202,9337
2202,9348
2202,9752
2202,9830
2203,2934
2203,4653
2203,4933
2203,5216
2203,5751
2203,5999
2203,6801
2203,7968
2203,8335
2203,8716
2204,2518
2204,3108
2204,4237
2204,6426
2204,6694
2204,7461
2204,8103
2205,3757
2206,7907
2206,8571
2206,9731
2207,8887
2208,3920
2208,4277
2208,8331
2208,8430
2209,2518
2209,3027
2209,3207
2209,3481
2209,3866
2209,4179
2209,4485
2209,6001
2209,6924
2209,7104
2209,7953
2209,8058
2209,8189
2209,8733
2211,2313
2212,4067
2212,4549
2212,7779
2212,8469
2213,6939
2213,8863
2214,4329
2214,5409
2214,5580
2214,8391
2214,9634
2215,2747
2215,8876
2216,5271
2216,7627
2217,7299
2218,7639
2218,9711
2219,7754
2220,2241
2220,3769
2220,4667
2220,6042
2220,7031
2220,7260
2220,7391
2220,9320
2220,9870
2221,2657
2221,4801
2221,5509
2221,7766
2223,8081
2223,9448
2224,4048
2224,9493
2225,3977
2225,4240
2225,5570
2225,5628
2225,6887
2225,7622
2225,8447
2226,5181
2226,5314
2226,5483
2226,5570
2226,6844
2226,7301
2226,9199
2227,2776
2228,5360
2228,7660
2228,8673
2229,3333
2229,6276
2229,8898
2229,9248
2230,2493
2230,3749
2230,3770
2230,4407
2230,4698
2230,8959
2230,9018
2231,2274
2231,7555
2231,7556
2231,8113
2232,2593
2232,2941
2232,9122
2233,3296
2234,2528
2234,2730
2234,4162
2234,4177
2234,4234
2234,7196
2234,8485
2235,4087
2236,2611
2236,3278
2236,3481
2236,4186
2236,5009
2236,5084
2236,5092
2236,5606
2236,5821
2236,6714
2236,8965
2237,2781
2237,3115
2237,5996
2237,6302
2237,8216
2238,3457
2238,3560
2238,3871
2238,6269
2238,6742
2238,7762
2238,7848
2238,7902
2238,7971
2239,6134
2239,7278
2239,8390
2241,3988
2241,4667
2241,5058
2241,9320
2242,2371
2243,3185
2243,3549
2243,5906
2243,9114
2243,9320
2244,2445
2244,6301
2244,8753
2245,5802
2245,6185
2245,9834
2246,2857
2247,2497
2247,3090
2247,3240
2247,4491
2247,7246
2247,9834
2248,3171
2248,3592
2248,3811
2248,5003
2248,6514
2248,7367
2248,7704
2248,8885
2248,9489
2248,9713
2249,3725
2249,5381
2249,5899
2250,3260
2251,3109
2251,4153
2251,6519
2252,2554
2252,5419
2252,6039
2252,6040
2252,6044
2252,6139
2252,7466
2252,7974
2252,8544
2252,9754
2253,2511
2253,2513
2253,3057
2253,5525
2253,7169
2253,8731
2253,8841
2253,8905
2253,9700
2253,9716
2254,2366
2254,3634
2254,6755
2254,7346
2254,9165
2254,9215
2255,6515
2256,2789
2256,2984
2256,3756
2256,5843
2256,6362
2256,7173
2256,8587
2256,8912
2256,9695
2256,9837
2257,3509
2258,4235
2258,6271
2258,6577
2258,8693
2258,9106
2258,9593
2259,5428
2260,2884
2260,6656
2260,7974
2261,2853
2261,6088
2262,2388
2262,9072
2262,9170
2263,2532
2263,2551
2263,4053
2263,4403
2263,6155
2263,7070
2263,7787
2263,8809
2263,9257
2264,2403
2264,7020
2265,8522
2265,9318
2266,2567
2267,6618
2268,2372
2268,6491
2268,6820
2268,8032
2268,8280
2269,3006
2270,4487
2270,4837
2270,9484
2271,2930
2271,4842
2271,5885
2271,6265
2271,8452
2271,9697
2271,9793
2272,5913
2272,6491
2274,2718
2274,2719
2274,4975
2274,5052
2274,7555
2274,8099
2274,8113
2275,2315
2275,4049
2276,3203
2276,3245
2276,5244
2276,8786
2277,8134
2278,3676
2279,6366
2279,7402
2279,8358
2280,2756
2280,4713
2280,5803
2280,6293
2280,7335
2281,3207
2281,4367
2281,4733
2281,5575
2282,3027
2282,4636
2282,6875
2283,2883
2283,4595
2284,2499
2284,4240
2284,4948
2284,5033
2284,5914
2284,6843
2284,7152
2284,7615
2284,7638
2284,8184
2284,8276
2284,9134
2284,9478
2286,3543
2286,8020
2286,9600
2286,9602
2287,3874
2287,9675
2290,3104
2290,4924
2290,5040
2290,9799
2291,5226
2291,5327
2291,5363
2291,5996
2291,6366
2291,6603
2291,6864
2291,6933
2291,7012
2291,7679
2291,7971
2291,8787
2291,9159
2291,9244
2291,9303
2292,3210
2292,4111
2292,4417
2292,4444
2292,5407
2292,5645
2292,5707
2292,5996
2292,6141
2292,7687
2292,8786
2293,3101
2293,6009
2294,9085
2295,2343
2295,2462
2295,2640
2295,2721
2295,3429
2295,4233
2295,4664
2295,5736
2295,5895
2295,8355
2295,9249
2296,2362
2296,2660
2296,2777
2296,3445
2296,3554
2296,3615
2296,3789
2296,4668
2296,5310
2296,5325
2296,5403
2296,5483
2296,5735
2296,6106
2296,6583
2296,6787
2296,6872
2296,6985
2296,7111
2296,7362
2296,7450
2296,7699
2296,7950
2297,2863
2297,2951
2297,3127
2297,3128
2297,3140
2297,3790
2297,4179
2297,5028
2297,6386
2297,7069
2297,8166
2297,9371
2298,4240
2299,5447
2300,3496
2300,6761
2300,8952
2301,5504
2301,6067
2301,7037
2301,7056
2301,7625
2301,7888
2301,8245
2301,8878
2301,9079
2302,2440
2302,4581
2302,9379
2303,2728
2303,6567
2303,9540
2303,9758
2304,2609
2304,7848
2305,7813
2306,2490
2306,4105
2306,4206
2306,5036
2306,7252
2306,9442
2306,9594
2306,9714
2307,2356
2307,2495
2307,7068
2308,2763
2308,4085
2308,5512
2308,6579
2309,8483
2310,8993
2311,4270
2311,5029
2311,5048
2311,6458
2311,8106
2311,8731
2311,9488
2313,3602
2313,4846
2313,5141
2313,5151
2313,5868
2313,6363
2313,8224
2313,9693
2313,9731
2314,4780
2314,7637
2314,8311
2315,7781
2316,7738
2317,5195
2317,5570
2317,6135
2318,4145
2318,8556
2319,9827
2320,4045
2320,5896
2320,6014
2321,4500
2321,4785
2321,5830
2322,2394
2322,2625
2322,3418
2322,4481
2322,4640
2322,4813
2322,5339
2322,5433
2322,5448
2322,5770
2322,7029
2322,7379
2322,7594
2322,7905
2322,8187
2322,9357
2323,2612
2323,2646
2323,3240
2323,3494
2323,5278
2323,6404
2323,6504
2323,7004
2323,7444
2323,8957
2323,9478
2324,2917
2324,4569
2324,4853
2324,9682
2325,5778
2325,7109
2325,7481
2325,7846
2325,9766
2326,8196
2327,2530
2327,6811
2328,2527
2328,3062
2328,5155
2328,6565
2328,7191
2328,7436
2328,7729
2328,7909
2328,8177
2328,8450
2328,8664
2328,8807
2328,9117
2329,4282
2329,5196
2329,7200
2329,7697
2329,8284
2329,8569
2329,9746
2330,2824
2330,8927
2331,7244
2331,9379
2332,4561
2332,4723
2332,4871
2332,7878
2332,8685
2332,9144
2333,2517
2333,3432
2334,2551
2334,2552
2334,2564
2334,2679
2334,2983
2334,4338
2334,4742
2334,4896
2334,6596
2334,7847
2334,8816
2334,8842
2334,9117
2334,9196
2334,9439
2335,5108
2335,7275
2335,8922
2336,2874
2336,5305
2336,5733
2336,6953
2336,7341
2336,9419
2337,8871
2338,3693
2338,4383
2338,4808
2338,5027
2338,6048
2338,7563
2338,8695
2338,9076
2338,9333
2338,9714
2339,3207
2339,3323
2339,4033
2339,4848
2339,5673
2339,6960
2339,8297
2339,9050
2340,2855
2340,3981
2340,5226
2340,5344
2340,5781
2340,7938
2340,7971
2340,9451
2341,5513
2341,6125
2341,7011
2341,9314
2341,9329
2341,9591
2341,9607
2341,9722
2341,9788
2341,9814
2342,4638
2343,2640
2343,2721
2343,4233
2343,5025
2343,5736
2343,5895
2343,8333
2343,9249
2343,9414
2344,4643
2344,6095
2344,6538
2344,7703
2345,5694
2346,2642
2346,3084
2346,3481
2346,5620
2347,2641
2347,3684
2347,8667
2347,9029
2348,3752
2348,3753
2348,4849
2348,5998
2349,3095
2349,5213
2349,8618
2350,3886
2350,7358
2350,9090
2351,3813
2351,7952
2351,9167
2352,2513
2352,2557
2352,2713
2352,2786
2352,2808
2352,3095
2352,3258
2352,3966
2352,4111
2352,4186
2352,4439
2352,4806
2352,4937
2352,4989
2352,5111
2352,5151
2352,5326
2352,5606
2352,6002
2352,6577
2352,6927
2352,6942
2352,6971
2352,7062
2352,7161
2352,7224
2352,7510
2352,8262
2352,8312
2352,8371
2352,8445
2352,8476
2352,8693
2352,8905
2352,9076
2352,9115
2352,9137
2352,9219
2352,9700
2352,9864
2352,9870
2353,4725
2353,8243
2353,9052
2354,2967
2354,5718
2354,6791
2354,7015
2355,6621
2355,6790
2356,2495
2356,7068
2356,9264
2357,3356
2357,6991
2357,7951
2358,9555
2359,3088
2359,3341
2359,5805
2359,6929
2360,2753
2360,2874
2360,3084
2360,4774
2360,5282
2360,5461
2360,5620
2360,6365
2360,7146
2360,7232
2360,7597
2360,7683
2360,7850
2360,9829
2361,3341
2362,2660
2362,2777
2362,2940
2362,3445
2362,3554
2362,3615
2362,3774
2362,3789
2362,3881
2362,4341
2362,4668
2362,5310
2362,5325
2362,5403
2362,5483
2362,5735
2362,6106
2362,6583
2362,6787
2362,6872
2362,6985
2362,7111
2362,7450
2362,7699
2362,7950
2362,8571
2362,8702
2363,8891
2364,3125
2364,3598
2364,3682
2364,7361
2365,2897
2365,5284
2366,2513
2366,3634
2366,3963
2366,4266
2366,4420
2366,4690
2366,5266
2366,5281
2366,6179
2366,7075
2366,7576
2366,8432
2366,8524
2366,8905
2366,8937
2366,9148
2366,9411
2366,9602
2367,8702
2367,9387
2368,5480
2368,9870
2369,5700
2369,6472
2370,6636
2370,7021
2370,7134
2370,8598
2371,3405
2371,8713
2371,9178
2371,9395
2372,8280
2373,4978
2373,9405
2374,6037
2374,6839
2374,9127
2375,3819
2376,3592
2376,3670
2376,4224
2376,4334
2376,5323
2376,5425
2376,5460
2376,6380
2376,6498
2376,6530
2376,7098
2376,8141
2376,8342
2376,8370
2376,9082
2377,2941
2377,4933
2377,9122
2378,2756
2378,4240
2378,6280
2379,2698
2379,7613
2380,7232
2381,2749
2381,3013
2381,8717
2382,6028
2383,9112
2383,9764
2384,3713
2384,3762
2384,4573
2385,3211
2385,3421
2385,5038
2385,6827
2385,8908
2386,5235
2386,7732
2387,4736
2387,4961
2387,5147
2387,5360
2387,5739
2388,3050
2388,5269
2388,5531
2388,9072
2388,9170
2389,6890
2390,2877
2390,2895
2390,3984
2390,5265
2390,6387
2390,7321
2390,9793
2391,7729
2392,2636
2392,7572
2392,8651
2394,2625
2394,3418
2394,4481
2394,4640
2394,4813
2394,5339
2394,5433
2394,5448
2394,5770
2394,7029
2394,7379
2394,7594
2394,7905
2394,8187
2394,9357
2395,7875
2395,8544
2396,6937
2397,8230
2397,9617
2398,3693
2398,4078
2398,4708
2398,5250
2398,5451
2398,6083
2398,7360
2398,7420
2398,9076
2399,6952
2399,8476
2399,8909
2400,3565
2400,5252
2400,5917
2400,6942
2400,7021
2400,7134
2400,7510
2400,8142
2400,8372
2401,5089
2401,5669
2401,7833
2401,8398
2401,9405
2402,5193
2402,5195
2402,7356
2402,8270
2402,9694
2403,2635
2403,2832
2403,3264
2403,5334
2403,5470
2403,6825
2403,6984
2403,7020
2403,8424
2403,9231
2404,4834
2404,4937
2407,3696
2407,7173
2408,4361
2409,3045
2409,4549
2409,9134
2410,2882
2410,2902
2410,3187
2410,4054
2410,4266
2410,5151
2410,5453
2410,5812
2410,6471
2410,6937
2410,7072
2410,7424
2410,7889
2410,8012
2410,8539
2411,4411
2411,9531
2412,7972
2412,9327
2413,2707
2413,2776
2413,5069
2413,5117
2413,6394
2413,6635
2413,6754
2413,6776
2413,6779
2413,7113
2413,7858
2413,8307
2413,8671
2413,8867
2414,2895
2414,3367
2415,5248
2415,7265
2415,7433
2415,7873
2416,8825
2416,9620
2417,2564
2417,2623
2417,3610
2417,7909
2417,8807
2417,9154
2418,5806
2418,8855
2419,2801
2419,5909
2419,6967
2419,9351
2419,9501
2419,9751
2420,3417
2420,3885
2420,5264
2420,8437
2420,8795
2420,8991
2420,9295
2420,9338
2421,2557
2421,8141
2421,8422
2421,8593
2421,8623
2422,7151
2423,2812
2423,2875
2423,8121
2424,2544
2424,3967
2424,4413
2424,4432
2424,4479
2424,7749
2424,8220
2424,8668
2424,8684
2425,4837
2426,2427
2426,3244
2426,3302
2426,3413
2426,4204
2426,4463
2426,4646
2426,5465
2426,5716
2426,8310
2426,8819
2426,8977
2426,9157
2426,9337
2426,9348
2426,9752
2426,9830
2427,3244
2427,3413
2427,4204
2427,4342
2427,4463
2427,4646
2427,5465
2427,5716
2427,8310
2427,8819
2427,8977
2427,9157
2427,9276
2427,9337
2427,9348
2427,9752
2427,9830
2428,2735
2428,8892
2428,8976
2429,3145
2429,7198
2429,7768
2429,7816
2430,7396
2431,3110
2431,3899
2431,6048
2431,9125
2432,4111
2432,4799
2432,6141
2432,6702
2432,6895
2432,7687
2432,7688
2432,8744
2432,8997
2433,6810
2434,5453
2434,5792
2434,6437
2434,7076
2434,8185
2435,3603
2435,5226
2435,6681
2435,7356
2435,7948
2435,9225
2436,5149
2436,5590
2437,7100
2437,8553
2439,7792
2439,8520
2441,3709
2442,5112
2442,6404
2442,6869
2442,7452
2442,7494
2442,7775
2442,8446
2443,2913
2443,6072
2443,7388
2443,7436
2444,3701
2444,3855
2444,4110
2444,4743
2444,4754
2444,5583
2444,5635
2444,5649
2444,5986
2444,6337
2444,6992
2444,7018
2444,8765
2444,9332
2444,9397
2444,9590
2445,4989
2445,8430
2445,8753
2447,2812
2447,4536
2448,5103
2448,5413
2448,7465
2448,8484
2448,9165
2449,8697
2450,2730
2450,3696
2450,9875
2451,2462
2451,2941
2451,7277
2451,9122
2452,7154
2454,4590
2454,8086
2455,4234
2455,9750
2456,9714
2457,3369
2457,3579
2457,3621
2457,3804
2457,4078
2457,4273
2457,4544
2457,5048
2457,5792
2457,6260
2457,6437
2457,7024
2457,9050
2457,9233
2458,2645
2458,3242
2458,4020
2458,4474
2458,5062
2458,5924
2458,6880
2459,4290
2459,4835
2459,9256
2460,6102
2460,6372
2461,9804
2462,3391
2462,3429
2462,4466
2462,4664
2462,6677
2462,6698
2462,6765
2462,6935
2462,8355
2462,8369
2463,3897
2463,5644
2463,6631
2463,7494
2463,8451
2463,8827
2463,9375
2463,9447
2463,9478
2464,4563
2464,6540
2464,6763
2464,7353
2464,9523
2464,9673
2466,3136
2466,3531
2466,3533
2466,5681
2466,6504
2466,6774
2466,7776
2466,9518
2467,2824
2467,3693
2467,7038
2468,6458
2468,8753
2468,9297
2469,4609
2469,7363
2469,7713
2469,7722
2469,9474
2470,6856
2470,6987
2472,2772
2472,3495
2472,4111
2472,4636
2472,4710
2472,4989
2472,6178
2472,6514
2472,7807
2472,7838
2472,8753
2473,2655
2473,4215
2473,4342
2473,5249
2473,6998
2473,8153
2473,8175
2474,9074
2475,4697
2476,8845
2477,7674
2478,5937
2478,6293
2479,2491
2479,3087
2479,4452
2479,4780
2479,4973
2479,5149
2479,5385
2479,5420
2479,6260
2479,6462
2479,7106
2479,7347
2479,7398
2479,7638
2479,7723
2479,8311
2479,8553
2479,8717
2479,8906
2479,9169
2480,4336
2480,7946
2481,8693
2482,5604
2483,8891
2484,6075
2484,9380
2486,6453
2486,9154
2487,2602
2487,6453
2487,8755
2489,3354
2490,5036
2490,9714
2491,2569
2491,3583
2491,4258
2491,4903
2491,4973
2491,5053
2491,5188
2491,5760
2491,6501
2491,6716
2491,7345
2491,7398
2491,7723
2491,9755
2492,2830
2492,3894
2492,7100
2493,2825
2493,3749
2493,3770
2493,4407
2493,6760
2494,2826
2494,4130
2494,4924
2494,5526
2494,5684
2494,7337
2494,8069
2494,8512
2494,9076
2495,7068
2495,9264
2496,6511
2497,2710
2497,2803
2497,2867
2497,3090
2497,3751
2497,4491
2497,4585
2497,4808
2497,5354
2497,7916
2497,9603
2497,9834
2497,9855
2498,9660
2499,4240
2499,4948
2499,7615
2499,8799
2500,2847
2500,3341
2500,6683
2500,6813
2500,7169
2501,3621
2501,7036
2501,9050
2502,7658
2503,6240
2503,6600
2503,6973
2505,7684
2505,7910
2506,3840
2506,4342
2506,4664
2506,4958
2506,6110
2506,8415
2507,4479
2508,6754
2508,8351
2509,7058
2509,7396
2509,7856
2509,7866
2509,8308
2509,8863
2510,6511
2511,2513
2511,3481
2511,4303
2511,8731
2511,8859
2511,8905
2512,2646
2512,4807
2512,4869
2512,5266
2512,5919
2512,6720
2512,7034
2512,7467
2512,7866
2512,8466
2512,9148
2512,9755
2513,2808
2513,3057
2513,3604
2513,3634
2513,4807
2513,5111
2513,5525
2513,5606
2513,6260
2513,6720
2513,6971
2513,7161
2513,7169
2513,7576
2513,7872
2513,8312
2513,8731
2513,8841
2513,8905
2513,8917
2513,9700
2513,9716
2513,9724
2514,2611
2514,6788
2514,7441
2514,9178
2515,7787
2516,5246
2516,5389
2516,8851
2516,9354
2517,3258
2517,3505
2517,5606
2517,5739
2517,7028
2517,9399
2517,9492
2518,3008
2518,3022
2518,3065
2518,3140
2518,3359
2518,3524
2518,3866
2518,3872
2518,4033
2518,4186
2518,4697
2518,5002
2518,5218
2518,5358
2518,5395
2518,5604
2518,5642
2518,5892
2518,6397
2518,6425
2518,6426
2518,6485
2518,6694
2518,6815
2518,7124
2518,7271
2518,8188
2518,8189
2518,9212
2518,9333
2519,3523
2519,9409
2520,4341
2520,4840
2521,4468
2521,5129
2521,6807
2521,7006
2521,7416
2522,9026
2523,4918
2523,6282
2523,6631
2523,8413
2523,8744
2523,9416
2524,7554
2524,9507
2526,8539
2526,8883
2527,3935
2527,5865
2527,7050
2527,7191
2527,8573
2527,9326
2528,3858
2528,4234
2528,9326
2529,3069
2529,3695
2529,5078
2529,5447
2529,7110
2529,7630
2529,8121
2529,8692
2530,6811
2530,9692
2531,6880
2532,6155
2532,7070
2533,2967
2533,8172
2533,9391
2534,3840
2535,4554
2535,7535
2535,8472
2535,9702
2535,9811
2536,9511
2537,2929
2537,5906
2537,6220
2538,7842
2539,5766
2539,9492
2540,3761
2541,7166
2542,8911
2543,2854
2543,3874
2543,4047
2543,4303
2543,4408
2543,5620
2543,5917
2543,6365
2543,7827
2543,8144
2543,9728
2544,4413
2544,4479
2544,7749
2544,8220
2544,8684
2545,3207
2545,4043
2545,4600
2545,5034
2545,8301
2545,8908
2545,9711
2547,5106
2547,7467
2548,2848
2548,2947
2548,2956
2548,3275
2548,3506
2548,4132
2548,5230
2548,5282
2548,6642
2548,7155
2548,7787
2548,7847
2548,7893
2548,8482
2548,8770
2548,9293
2548,9617
2549,4818
2549,5799
2550,2852
2550,4313
2550,6148
2550,6773
2551,2564
2551,2719
2551,2956
2551,6642
2551,7787
2551,7847
2552,4338
2552,4896
2553,4266
2553,5468
2553,6738
2553,6885
2553,8200
2553,8247
2553,8753
2553,8934
2554,2601
2554,2726
2554,2788
2554,3353
2554,3484
2554,3738
2554,4558
2554,4687
2554,4999
2554,5306
2554,6139
2554,6485
2554,6546
2554,8158
2554,8274
2554,8476
2554,8544
2554,8785
2554,9222
2554,9754
2555,4538
2555,8431
2556,7178
2556,7791
2557,8422
2557,9700
2558,2746
2558,3018
2558,5795
2558,6922
2558,7846
2560,7658
2561,3850
2561,4929
2561,9775
2562,9319
2563,8301
2564,2658
2564,2704
2564,2743
2564,3590
2564,3610
2564,4061
2564,4484
2564,4806
2564,5050
2564,7140
2564,7459
2564,7734
2564,7735
2564,7847
2564,7909
2564,8807
2564,9150
2564,9293
2565,7768
2565,7847
2566,5071
2566,6298
2567,2651
2567,4944
2567,5282
2567,5363
2567,5748
2567,5945
2567,7057
2567,7255
2567,7395
2567,7580
2567,7653
2567,8311
2567,8663
2567,8893
2567,8900
2567,9169
2567,9210
2567,9760
2568,4728
2568,7199
2569,4973
2569,5760
2570,3083
2570,3771
2570,4794
2570,5323
2571,3183
2571,9804
2572,5381
2573,3673
2573,3681
2573,3747
2573,4123
2573,5656
2573,6324
2573,7018
2573,7658
2573,8954
2573,8957
2574,2598
2574,3491
2574,4055
2574,4555
2574,5654
2574,6300
2574,6345
2574,7551
2574,8551
2574,9009
2575,9286
2576,3721
2576,4516
2576,4597
2576,6310
2576,6355
2576,8548
2576,8725
2577,4091
2577,9599
2578,6342
2578,7822
2578,9572
2578,9798
2579,4548
2579,5960
2579,7609
2579,8413
2579,9573
2579,9663
2580,3409
2581,8095
2582,3431
2582,3951
2582,4535
2582,6316
2582,7899
2582,8603
2582,9578
2583,3636
2583,3637
2583,4419
2583,4517
2583,4575
2583,4576
2583,5095
2583,8548
2583,8551
2583,8585
2583,8624
2583,9526
2584,7234
2584,9570
2584,9599
2585,3680
2585,3727
2585,9578
2586,3535
2588,3536
2588,3722
2588,4088
2588,4255
2588,5381
2588,5384
2588,6182
2588,6288
2588,6400
2588,7018
2588,7537
2588,7888
2588,7971
2588,8060
2588,8647
2588,8943
2589,7540
2590,4354
2591,3979
2591,5146
2592,6602
2594,2817
2594,5263
2594,8995
2595,8957
2596,4620
2596,8378
2597,3747
2597,6400
2598,4055
2598,6181
2598,7551
2599,2935
2600,2658
2600,3151
2600,3713
2600,6301
2600,6620
2600,6739
2600,7007
2600,8824
2601,2726
2601,4558
2601,5570
2601,5981
2601,6008
2601,6485
2601,8274
2601,9754
2602,6453
2602,8755
2603,3681
2603,5962
2603,6198
2604,3071
2604,4430
2604,6321
2605,4354
2605,7018
2606,4556
2606,5981
2606,6324
2606,9810
2607,9660
2608,4174
2608,8288
2608,8453
2609,3545
2609,3953
2609,4360
2609,5028
2609,6199
2609,6927
2609,7848
2609,7883
2609,7921
2609,8025
2609,9081
2611,2668
2611,2977
2611,3258
2611,3293
2611,4083
2611,4876
2611,6714
2611,7155
2611,7441
2611,7714
2611,7912
2611,8393
2611,9348
2611,9869
2612,7004
2612,9082
2613,5017
2613,5336
2613,6546
2613,7368
2613,8350
2614,5322
2615,2715
2615,2892
2615,4144
2615,5893
2615,6664
2615,8873
2616,8383
2616,9071
2617,9098
2618,6479
2619,7981
2620,2657
2620,7037
2620,7766
2622,3480
2622,5029
2622,5048
2622,5116
2622,5685
2622,5734
2622,7491
2622,8427
2623,5153
2623,8899
2623,9608
2624,2795
2624,5048
2625,3418
2625,4481
2625,4640
2625,4813
2625,5339
2625,5433
2625,5448
2625,5770
2625,7379
2625,7594
2625,7905
2625,8187
2625,9357
2626,3797
2626,5066
2626,5906
2626,6076
2626,6366
2626,7644
2626,8693
2626,9531
2626,9546
2626,9862
2628,7124
2628,7912
2628,9869
2629,4728
2630,6282
2632,2817
2632,3757
2632,4494
2632,4741
2632,5053
2635,5334
2635,5470
2636,7572
2637,2959
2637,5487
2637,8892
2638,5964
2638,8031
2639,5284
2640,2721
2640,4233
2640,5736
2640,5895
2640,9249
2641,3684
2641,8667
2641,9029
2642,3084
2642,3481
2642,5620
2644,7864
2645,3242
2645,4020
2645,5062
2645,5924
2645,6880
2646,3757
2646,4807
2646,4869
2646,8313
2646,8466
2647,7756
2647,8535
2647,9490
2647,9513
2648,3549
2648,3757
2648,6301
2648,7566
2648,8262
2648,8404
2649,2684
2649,4109
2649,4135
2649,4814
2649,5095
2649,5460
2649,7476
2649,7506
2649,7976
2649,9260
2649,9846
2649,9849
2650,5576
2651,4367
2651,5282
2651,7057
2653,6949
2653,9554
2654,5601
2655,2997
2655,4837
2655,5264
2655,5742
2655,5746
2655,6273
2655,6998
2655,7937
2655,9020
2655,9059
2655,9181
2656,2967
2656,5090
2657,2740
2657,4801
2657,4948
2657,5509
2657,6866
2657,7276
2657,7342
2657,7766
2657,9158
2657,9182
2657,9183
2657,9721
2658,6620
2658,6739
2658,9150
2658,9348
2659,5084
2659,9348
2660,2777
2660,3445
2660,3554
2660,3615
2660,3789
2660,4668
2660,5310
2660,5325
2660,5403
2660,5483
2660,5735
2660,6106
2660,6583
2660,6787
2660,6872
2660,6985
2660,7111
2660,7362
2660,7450
2660,7699
2660,7950
2661,3976
2662,7920
2663,4153
2663,5159
2663,6488
2663,6519
2663,7121
2663,8513
2664,5159
2664,8513
2665,6731
2665,6871
2665,7545
2665,9470
2666,6496
2667,4531
2667,4787
2668,3451
2668,3800
2668,4638
2668,7444
2668,9307
2669,2900
2669,3207
2669,3754
2669,4035
2669,4498
2669,5579
2669,5792
2669,7076
2669,7093
2669,7676
2669,7889
2669,7938
2669,8301
2669,8302
2669,9603
2670,3103
2670,4759
2671,7363
2671,8011
2672,3102
2672,9531
2673,4851
2673,8794
2673,9783
2674,3015
2674,4247
2674,4724
2675,4081
2676,2679
2676,2893
2676,3356
2676,5318
2676,7141
2677,4263
2677,6375
2678,3487
2678,4391
2679,2983
2679,4338
2679,4896
2679,4897
2679,7036
2679,8538
2679,8816
2679,9312
2679,9715
2680,4943
2680,5364
2680,5749
2680,5761
2680,6159
2680,6273
2680,6692
2680,6856
2680,6987
2680,7032
2680,7094
2680,7489
2680,8984
2680,9050
2680,9763
2681,3666
2681,6185
2681,9173
2683,7558
2684,4109
2684,5080
2684,5211
2684,5364
2684,7025
2684,8736
2684,8906
2685,3081
2685,4300
2685,4894
2685,6906
2685,9059
2685,9181
2686,2734
2686,6114
2686,6830
2687,3360
2687,8314
2687,8535
2688,3107
2688,3108
2689,3046
2689,4043
2689,7592
2690,3333
2690,6276
2691,2788
2691,2943
2691,8476
2692,6556
2692,8444
2693,5422
2694,3231
2695,5925
2696,4341
2696,4452
2696,4504
2696,4505
2696,7727
2696,7867
2697,4240
2697,4932
2697,5637
2697,5858
2697,6386
2697,6997
2697,7545
2697,7656
2697,8650
2697,9074
2697,9213
2699,2806
2699,5103
2699,5117
2699,5479
2699,5858
2699,6790
2699,7223
2699,7261
2699,7545
2699,9042
2699,9165
2700,9493
2701,2933
2702,2979
2702,7133
2702,7139
2702,7382
2703,3022
2703,3091
2703,3579
2703,3648
2703,3940
2703,4139
2703,4220
2703,4310
2703,4311
2703,4589
2703,4689
2703,4895
2703,6190
2703,6217
2703,6293
2703,6667
2703,6768
2703,6776
2703,7042
2703,7101
2703,7300
2703,7306
2703,8101
2703,8109
2703,8281
2703,8548
2703,9363
2703,9492
2704,7375
2704,7734
2704,7735
2704,7847
2704,7909
2705,5791
2706,4671
2706,7173
2707,5198
2707,5672
2707,6010
2707,6753
2707,6754
2707,8867
2708,4878
2708,5103
2708,5614
2708,6819
2708,9042
2709,3793
2709,4664
2709,5458
2709,6517
2709,7084
2709,7708
2709,7895
2709,7907
2709,8252
2710,3172
2710,3751
2710,4808
2710,6596
2711,7416
2712,2786
2712,2788
2712,2882
2712,3258
2712,3524
2712,3592
2712,4064
2712,4206
2712,4214
2712,4334
2712,4642
2712,4754
2712,4924
2712,4999
2712,5281
2712,5346
2712,5925
2712,6493
2712,6530
2712,6555
2712,6931
2712,7295
2712,8590
2712,8859
2712,8885
2712,8891
2712,9297
2712,9409
2712,9636
2712,9713
2713,3199
2713,3824
2713,5748
2713,6002
2713,7649
2713,8693
2713,8782
2713,9184
2714,3106
2714,3721
2714,4617
2714,5357
2714,8887
2716,3705
2716,3939
2716,8737
2717,2817
2717,2883
2717,6293
2717,8033
2719,4566
2719,8824
2719,8889
2720,4854
2720,8521
2721,2816
2721,4233
2721,5735
2721,5736
2721,5895
2721,9249
2722,3095
2722,3681
2722,4335
2722,5189
2722,5656
2722,6136
2722,8742
2722,9409
2724,3467
2724,9295
2725,3812
2725,4161
2725,4201
2725,5213
2725,8974
2726,3603
2726,4558
2726,5197
2726,5305
2726,8469
2726,9705
2727,3494
2727,7286
2728,6567
2728,9540
2728,9758
2729,7180
2730,4496
2730,4691
2730,4743
2730,7196
2730,8088
2730,8219
2730,8765
2730,9875
2731,3251
2732,3720
2732,7656
2732,8065
2732,8650
2733,3017
2733,3257
2733,5791
2734,3616
2734,3646
2734,4305
2734,4610
2734,6114
2734,6830
2735,7390
2736,2738
2736,2755
2736,8284
2736,8569
2736,9544
2737,3623
2737,5251
2738,2755
2738,8284
2738,8569
2738,9544
2739,4007
2739,4008
2739,4443
2739,4627
2739,5131
2739,5407
2739,5996
2739,6534
2739,6541
2739,9077
2741,2962
2741,3163
2741,3415
2741,4012
2741,5775
2741,6435
2742,8824
2743,3116
2743,4134
2743,6249
2743,7850
2744,4045
2744,4152
2744,4170
2744,4433
2744,4731
2744,5277
2744,5624
2744,5784
2744,6382
2744,7903
2744,7989
2745,4742
2745,5772
2746,3018
2746,3038
2746,6922
2746,7846
2746,9533
2747,3853
2747,5086
2747,5712
2747,8876
2748,5074
2748,8306
2749,3383
2750,7159
2750,9416
2751,4951
2751,5533
2752,5210
2752,9269
2753,3084
2753,5381
2753,6404
2753,7146
2753,7413
2753,7683
2753,7776
2754,3475
2755,4019
2755,8284
2755,8569
2755,9544
2756,2817
2756,2954
2756,4240
2756,4448
2756,4713
2756,4719
2756,5803
2756,5850
2756,5879
2756,5883
2756,6087
2756,6252
2756,6253
2756,6293
2756,7287
2756,7974
2756,8033
2756,9764
2757,3828
2757,6047
2757,7723
2757,7785
2757,8761
2758,7559
2759,2928
2759,7927
2761,5469
2762,4363
2762,5295
2762,6463
2762,6900
2762,7260
2762,7326
2762,7975
2763,3631
2763,4038
2763,4085
2763,4172
2763,5197
2763,6579
2763,7956
2763,8065
2764,3055
2765,6127
2765,6178
2765,7190
2765,7391
2765,8430
2766,3989
2766,4687
2766,5967
2767,4552
2767,5088
2767,5117
2767,5643
2767,6887
2767,8631
2767,9165
2767,9484
2768,5864
2769,2771
2769,4153
2769,5911
2769,6519
2769,8181
2770,4236
2770,7111
2771,5868
2771,6614
2771,7088
2771,7422
2772,3675
2772,3823
2772,4632
2772,5116
2772,5864
2772,6514
2772,7912
2772,8753
2772,9076
2773,9714
2774,5162
2774,6453
2774,7001
2774,8266
2775,5183
2775,7640
2776,5345
2776,6688
2776,8307
2776,8671
2777,3445
2777,3554
2777,3615
2777,3789
2777,4668
2777,5310
2777,5325
2777,5403
2777,5483
2777,5735
2777,6106
2777,6583
2777,6787
2777,6872
2777,6985
2777,7111
2777,7362
2777,7450
2777,7699
2777,7950
2778,5021
2778,5357
2778,5729
2778,6483
2778,6801
2778,8018
2778,8147
2778,8415
2778,8905
2779,6483
2780,6260
2780,7723
2781,4924
2781,5996
2781,6137
2781,6927
2781,7181
2781,9151
2781,9679
2782,5289
2782,7193
2782,7600
2782,8412
2783,3084
2783,5092
2784,9776
2785,5287
2785,7457
2785,9151
2786,2977
2786,3269
2786,3366
2786,3488
2786,3512
2786,3524
2786,3592
2786,3631
2786,3720
2786,3966
2786,4064
2786,4359
2786,4642
2786,4896
2786,4924
2786,4962
2786,5008
2786,5217
2786,5358
2786,6425
2786,6530
2786,6714
2786,6912
2786,6971
2786,7118
2786,7246
2786,7431
2786,7457
2786,7471
2786,7586
2786,7612
2786,7919
2786,8065
2786,8396
2786,8404
2786,8541
2786,8885
2786,8891
2786,9409
2786,9465
2786,9636
2788,3148
2788,3258
2788,3524
2788,3938
2788,4076
2788,4661
2788,4715
2788,4913
2788,4999
2788,6080
2788,6256
2788,6803
2788,6880
2788,7104
2788,7393
2788,8012
2788,8476
2788,8778
2788,8785
2788,9188
2789,2984
2789,6362
2791,4407
2791,6156
2791,6636
2791,7267
2792,2927
2792,3018
2792,5004
2792,6142
2792,6214
2792,6813
2792,6845
2792,6922
2792,7637
2792,7846
2792,8284
2792,8569
2792,8753
2792,8758
2792,8760
2793,3835
2793,4645
2793,4671
2793,7816
2793,7961
2793,9094
2793,9402
2793,9416
2794,7067
2795,4240
2795,6555
2795,9134
2795,9396
2796,4191
2796,4508
2796,5143
2796,6852
2796,7278
2796,7468
2796,9266
2796,9551
2797,2886
2797,4421
2798,2941
2798,5810
2798,7268
2798,9045
2799,4969
2799,7946
2800,2994
2800,3509
2800,3871
2800,4359
2800,5609
2800,6880
2800,7062
2800,8507
2802,4734
2802,5447
2803,5739
2803,7024
2803,9834
2804,7729
2805,3022
2805,7300
2805,7612
2805,9043
2805,9724
2806,5479
2806,5543
2806,5858
2806,6782
2806,7803
2806,7975
2806,8715
2806,9165
2807,5085
2808,2824
2808,4807
2808,6720
2808,6742
2808,6927
2808,8312
2808,8905
2808,9700
2809,3015
2809,6818
2810,2886
2810,6296
2810,6695
2811,8136
2812,2875
2812,4536
2812,5506
2812,6017
2812,6747
2812,7276
2812,8121
2813,7455
2813,8292
2814,4420
2814,5468
2815,6543
2816,3181
2816,4983
2816,6682
2816,8741
2817,2883
2817,2885
2817,4509
2817,4713
2817,4826
2817,6293
2817,6716
2817,6776
2817,7482
2817,7974
2817,8003
2817,8033
2817,8062
2817,8095
2817,8818
2817,8995
2817,9520
2817,9839
2818,5051
2818,5906
2818,7128
2818,7260
2818,8744
2818,8816
2818,9396
2819,4702
2819,5126
2819,9426
2820,4193
2820,4990
2820,5264
2820,9747
2821,2892
2821,3462
2821,6108
2821,7150
2821,7395
2821,8743
2821,9165
2822,3185
2822,3675
2823,4205
2824,3693
2824,4111
2824,4235
2824,4585
2824,6577
2824,6597
2824,6652
2824,6927
2824,7038
2824,7300
2824,7648
2824,7850
2824,7889
2824,7971
2824,8077
2824,8927
2824,8934
2824,9165
2824,9492
2824,9700
2825,3349
2825,6810
2825,7814
2825,9110
2826,4130
2826,7337
2826,8385
2827,3529
2827,4619
2827,7752
2827,9355
2828,6662
2829,3234
2829,3880
2829,5331
2829,6715
2829,9300
2829,9462
2829,9783
2830,3329
2830,3550
2830,4362
2830,7100
2831,9353
2832,3264
2832,4795
2832,5107
2832,6825
2832,6984
2832,8682
2832,9231
2833,5593
2833,6360
2834,5054
2835,6082
2836,3526
2836,4907
2836,7084
2836,7744
2836,8480
2837,8009
2838,5717
2840,5538
2840,6157
2840,6351
2841,8535
2842,3354
2842,5024
2842,6860
2843,7818
2845,8813
2846,4415
2846,5048
2846,6688
2847,3341
2847,6067
2847,6673
2847,6683
2848,3665
2848,5230
2849,4313
2849,5567
2849,5568
2850,3664
2850,4188
2850,4910
2850,5661
2850,6623
2850,6719
2850,8534
2851,4297
2852,4313
2852,6773
2852,8951
2853,6088
2853,9801
2854,3689
2854,3749
2854,3770
2854,4407
2854,5900
2854,6977
2854,9286
2855,5427
2855,6615
2855,7197
2855,7566
2855,7971
2855,8562
2856,7408
2857,6398
2858,3522
2858,4847
2858,4920
2858,6163
2858,6263
2858,6580
2858,6916
2858,7210
2858,7338
2858,8159
2858,8983
2858,9078
2858,9134
2859,6030
2860,3873
2860,3888
2860,6693
2861,4999
2862,6485
2863,3128
2863,5028
2863,7069
2863,8166
2864,6714
2864,6834
2864,8789
2865,4731
2866,3213
2866,4036
2866,5623
2867,3090
2867,5768
2868,9416
2869,5811
2869,7559
2870,3810
2870,4011
2870,4809
2870,4816
2870,6303
2870,6701
2870,6769
2870,7055
2870,7965
2871,5504
2872,3356
2872,3474
2872,4064
2872,5264
2872,5304
2872,8699
2872,8891
2873,7153
2873,8685
2873,8700
2874,3072
2874,4543
2874,4705
2874,5461
2874,6196
2874,6474
2874,7146
2874,7232
2874,7683
2874,7850
2874,8130
2874,8319
2874,9829
2875,4654
2875,5148
2875,5150
2875,5506
2875,6017
2875,6747
2875,6824
2875,7276
2875,7308
2875,8121
2876,5250
2876,5323
2877,2895
2877,7321
2877,9793
2878,3371
2878,3373
2878,3424
2878,3811
2878,4974
2878,5190
2878,6423
2878,7190
2878,7442
2878,8113
2878,8127
2878,9736
2879,5893
2880,7986
2881,5134
2882,2902
2882,3065
2882,3091
2882,3379
2882,3979
2882,4054
2882,4264
2882,4575
2882,4661
2882,4940
2882,4974
2882,5346
2882,5347
2882,5473
2882,6397
2882,6471
2882,6549
2882,6906
2882,6937
2882,6971
2882,7091
2882,7107
2882,7298
2882,7466
2882,7593
2882,8012
2882,8141
2882,8548
2882,8885
2882,9144
2882,9249
2882,9378
2882,9482
2882,9715
2883,4595
2883,6217
2883,6293
2883,8140
2883,8995
2883,9458
2883,9764
2885,8995
2886,4421
2886,5328
2887,4861
2887,5361
2887,5844
2887,8895
2888,6658
2889,6260
2889,7723
2889,8123
2890,8383
2890,9071
2891,9151
2892,3462
2892,5727
2892,6108
2892,6664
2892,6698
2892,7150
2892,8237
2893,5318
2893,7141
2893,9817
2894,6183
2895,3367
2895,3984
2895,5265
2895,6387
2895,7321
2895,9793
2896,4542
2896,4902
2896,5667
2896,6554
2896,7300
2896,7721
2896,9043
2896,9452
2897,3089
2897,5284
2897,7555
2897,9275
2898,3425
2899,8855
2900,2977
2900,3035
2900,3324
2900,4688
2900,5151
2900,5615
2900,5864
2900,7093
2900,7889
2900,8356
2900,8476
2900,9076
2901,3125
2901,4584
2901,5324
2901,5622
2901,6618
2901,7980
2901,7992
2901,8081
2902,4014
2902,4054
2902,5453
2902,6471
2902,6937
2902,8301
2902,8534
2902,8753
2902,9603
2903,4865
2903,7432
2903,8102
2904,4589
2904,5053
2904,7979
2905,3946
2905,5074
2906,3534
2907,8004
2907,8180
2907,9837
2908,5796
2908,7712
2908,9760
2910,4764
2912,5417
2913,3091
2913,4341
2913,4418
2913,4486
2913,5141
2913,5277
2913,5624
2913,5784
2913,6072
2913,6289
2913,6414
2913,7436
2913,7636
2913,7903
2913,8025
2913,9081
2913,9262
2913,9685
2913,9692
2914,3727
2915,7361
2916,5689
2916,6890
2918,3049
2918,3599
2918,3716
2918,5276
2918,8987
2919,3281
2919,9120
2920,6349
2920,9013
2921,4850
2922,4248
2922,6150
2922,6952
2923,7583
2924,3399
2924,3587
2924,3712
2924,4908
2924,4963
2924,8439
2924,8939
2924,9049
2924,9785
2924,9791
2925,3560
2925,6924
2925,7408
2927,5004
2927,8284
2927,8569
2927,8758
2927,8760
2928,7927
2929,5781
2929,5906
2930,4263
2930,5022
2930,6771
2930,7119
2930,8406
2930,9217
2933,3824
2933,3869
2933,5138
2933,7646
2933,7769
2934,3105
2934,3869
2934,4082
2934,7090
2934,7963
2934,7968
2934,8181
2934,8527
2934,9080
2934,9351
2934,9622
2935,5402
2935,7162
2936,9735
2937,4653
2937,5261
2937,9211
2938,5354
2938,8878
2939,9032
2939,9098
2940,3881
2940,4479
2940,5172
2940,6796
2940,9193
2941,3698
2941,4724
2941,4933
2941,5261
2941,5287
2941,7277
2941,7817
2941,9122
2941,9241
2942,6906
2943,6161
2946,4363
2946,4485
2946,5753
2946,7104
2946,8733
2946,8778
2946,9706
2947,3275
2947,3506
2947,9617
2948,5179
2948,7557
2949,9492
2950,7459
2950,9348
2951,3140
2951,3790
2951,7017
2951,9371
2952,3484
2952,4690
2952,6150
2952,6179
2952,7002
2952,7144
2952,8525
2953,6880
2954,6293
2955,5760
2955,6494
2955,7283
2955,7723
2955,8123
2956,7155
2956,7787
2958,5044
2959,7574
2959,8892
2959,9030
2959,9403
2960,5119
2960,6016
2961,9794
2962,3163
2962,3953
2962,6686
2962,7389
2962,7427
2963,5806
2964,6530
2964,6910
2965,3504
2966,3108
2966,5792
2966,6437
2966,6458
2966,9492
2967,3600
2967,4306
2967,5090
2967,6163
2967,6883
2967,6927
2967,7015
2967,8172
2967,8176
2967,8401
2967,9391
2967,9866
2968,4791
2968,6972
2968,8269
2968,8275
2968,8707
2968,9784
2969,9416
2970,4839
2970,8983
2971,5407
2972,5032
2972,6864
2972,7506
2973,3619
2973,6590
2973,9243
2974,3765
2974,4215
2975,5416
2976,7148
2977,3130
2977,3258
2977,3592
2977,4446
2977,4585
2977,4599
2977,4642
2977,5739
2977,6530
2977,6714
2977,6880
2977,7038
2977,7367
2977,7395
2977,7850
2977,7938
2977,8885
2977,9106
2978,3579
2979,2980
2979,2981
2979,3411
2980,2981
2982,3036
2982,3579
2982,3866
2982,3998
2982,4231
2982,4721
2982,5358
2982,5792
2982,6390
2982,6861
2982,6974
2982,7131
2982,7371
2982,7721
2982,8068
2982,8476
2982,9076
2982,9636
2983,4338
2983,4896
2983,8376
2983,8816
2984,6362
2984,6363
2984,8788
2985,3356
2986,9284
2987,4235
2987,4439
2987,6271
2987,6746
2987,6832
2987,7282
2988,3104
2988,4497
2988,5040
2988,8786
2988,8894
2989,7393
2990,3258
2990,3425
2990,4539
2990,5739
2990,6477
2990,7432
2990,7624
2990,8102
2990,8427
2990,8891
2991,3523
2991,4818
2991,5878
2992,4002
2992,4994
2992,6049
2992,7462
2992,7524
2992,8435
2992,9324
2993,7024
2994,4022
2995,4779
2995,5103
2995,7262
2996,3757
2996,4494
2996,6591
2997,6998
2997,7937
2998,4872
2998,4984
2999,3461
2999,7702
3000,4768
3000,5895
3001,5082
3001,6507
3001,9556
3002,7201
3002,8267
3003,4197
3004,8539
3007,3251
3008,3872
3008,5392
3008,6007
3008,6412
3008,6422
3008,6517
3008,6866
3008,7271
3008,7872
3008,7907
3008,8251
3008,8809
3008,8914
3009,3356
3009,5053
3009,7909
3009,8807
3010,3012
3011,3012
3011,8995
3012,8995
3013,3775
3013,4754
3013,5007
3013,6007
3013,6786
3013,6809
3013,7910
3013,9095
3013,9198
3013,9719
3014,5721
3015,3276
3015,3382
3015,4247
3015,4724
3015,6818
3016,6156
3016,6636
3016,6842
3016,7821
3016,9332
3016,9811
3018,3038
3018,4470
3018,5795
3018,6142
3018,6845
3018,6922
3018,7005
3018,7846
3018,9433
3018,9533
3019,6237
3019,6238
3020,6220
3020,8189
3021,5110
3021,5917
3022,3866
3022,3975
3022,4310
3022,4311
3022,5335
3022,5550
3022,5925
3022,6084
3022,6136
3022,6163
3022,6486
3022,6667
3022,6971
3022,7024
3022,7038
3022,7300
3022,7612
3022,7946
3022,8109
3022,8281
3022,8548
3022,8592
3022,8916
3022,9043
3022,9363
3022,9488
3022,9724
3022,9743
3023,3558
3024,6176
3025,8991
3026,5910
3027,3481
3027,4485
3027,5823
3027,6875
3027,7024
3027,7686
3027,7935
3027,8677
3027,9737
3028,3375
3028,4429
3028,4570
3028,5272
3028,6377
3028,7614
3029,8267
3030,3333
3030,5080
3030,5571
3030,5851
3030,6276
3030,8898
3031,3481
3031,5621
3032,4413
3032,6849
3033,6873
3033,8178
3033,8399
3034,4424
3034,7096
3034,8421
3035,3268
3035,3750
3035,4266
3035,5398
3035,6072
3035,6115
3035,6397
3035,6703
3035,8214
3035,8694
3035,8934
3036,3998
3037,4333
3037,5636
3037,6783
3038,4283
3038,4462
3038,4470
3038,4549
3038,4676
3038,4864
3038,5076
3038,5089
3038,6922
3038,6953
3038,6959
3038,7005
3038,7116
3038,7461
3038,7757
3038,7787
3038,7843
3038,7846
3038,8398
3038,8475
3038,9433
3038,9533
3040,8463
3040,9264
3041,7166
3043,4777
3043,7993
3044,6812
3044,9316
3045,3332
3045,3471
3045,4549
3045,9134
3047,3221
3047,4902
3047,6224
3047,7300
3047,9480
3048,9475
3048,9711
3049,3599
3049,4936
3049,5578
3049,8987
3050,9170
3051,5027
3051,7148
3052,3098
3053,3454
3053,3611
3053,7093
3054,4856
3054,9644
3055,6819
3056,3372
3056,5244
3056,6550
3056,9249
3057,3356
3057,4395
3057,7169
3057,8731
3057,8841
3057,8905
3057,9700
3057,9716
3058,6667
3058,9724
3059,3103
3059,8169
3060,9681
3061,6540
3061,6616
3061,9359
3063,3660
3063,6884
3063,8434
3063,8551
3063,9196
3063,9710
3064,4307
3064,4622
3064,6424
3065,3091
3065,3268
3065,3387
3065,3524
3065,4033
3065,4266
3065,4467
3065,5008
3065,5151
3065,5642
3065,6072
3065,6397
3065,6463
3065,6645
3065,6815
3065,6893
3065,6912
3065,7107
3065,7989
3065,8292
3065,8934
3065,9260
3065,9333
3065,9492
3066,3942
3066,4798
3066,6061
3066,6196
3066,6256
3066,6460
3066,6474
3066,8332
3067,3382
3067,4989
3067,8752
3068,4489
3068,4541
3068,9817
3070,3815
3070,4933
3070,5261
3070,6043
3071,4430
3071,6321
3072,8319
3072,9829
3073,6402
3073,8248
3074,6918
3074,7651
3074,8625
3074,9086
3074,9223
3075,8612
3076,5839
3076,7892
3076,9367
3076,9417
3076,9454
3077,9164
3078,3931
3078,4384
3078,5110
3078,8548
3078,9834
3079,3414
3079,4967
3079,7290
3079,9178
3079,9444
3080,6459
3081,4505
3081,7688
3081,8524
3081,8592
3081,9181
3082,5171
3083,3771
3083,4794
3083,5323
3083,5410
3084,3481
3084,5092
3084,5620
3084,7683
3085,6684
3086,3336
3086,7816
3087,5760
3087,6260
3087,7723
3087,9521
3088,3341
3088,4962
3089,5284
3089,7023
3089,8474
3089,9275
3090,4491
3090,5768
3090,6149
3090,8718
3091,4022
3091,4266
3091,5624
3091,6437
3091,6703
3091,6893
3091,7107
3091,8072
3091,8336
3091,8859
3091,9076
3091,9092
3091,9492
3094,3605
3094,5854
3094,9756
3095,3966
3095,4139
3095,4335
3095,5609
3095,6136
3095,7062
3095,8618
3095,9333
3095,9701
3095,9863
3096,7397
3097,4026
3099,6431
3100,3665
3100,3666
3101,6009
3102,9531
3103,3849
3103,3905
3103,4848
3103,4856
3103,5011
3103,8169
3103,8709
3103,9325
3103,9377
3103,9526
3103,9783
3103,9792
3104,4497
3104,4924
3104,5040
3104,9799
3105,3352
3105,3869
3105,5261
3105,6037
3105,6839
3105,7075
3105,7576
3105,7914
3105,8145
3105,8343
3105,8416
3105,8979
3105,9080
3105,9127
3105,9622
3106,4617
3107,3108
3107,3162
3107,4717
3107,6748
3107,9326
3108,3775
3108,4237
3108,6458
3108,6786
3108,6895
3108,7093
3109,4153
3109,4545
3109,5682
3109,6519
3109,7078
3109,8362
3110,5027
3110,5575
3110,6048
3113,4247
3114,7932
3114,9796
3115,6302
3116,7496
3117,4742
3117,5027
3117,7075
3117,7794
3117,9241
3118,9554
3119,5851
3119,9117
3120,6719
3120,6980
3121,9215
3121,9754
3121,9821
3122,5584
3122,6179
3122,8525
3122,9411
3123,3158
3123,3446
3123,4902
3123,7578
3123,8524
3123,9043
3124,3358
3124,4123
3125,3200
3125,3270
3125,3497
3125,3682
3125,5253
3125,5622
3125,7158
3125,7803
3125,8081
3125,8082
3125,8182
3125,8644
3125,9457
3125,9586
3126,7724
3127,6386
3127,7104
3127,8271
3128,7069
3128,8166
3129,6530
3129,8885
3130,3324
3130,4599
3130,5615
3130,7672
3130,8331
3130,8476
3130,9106
3131,3832
3131,4469
3131,7225
3131,9206
3132,5063
3133,7340
3134,9658
3135,5364
3135,6261
3135,9053
3135,9221
3136,6774
3137,3172
3138,4415
3138,4989
3138,5048
3138,5270
3138,7768
3138,8159
3140,3790
3140,3872
3140,4526
3140,4638
3140,4697
3140,5760
3140,6381
3140,7742
3143,3289
3143,5370
3143,5382
3143,5665
3144,8782
3145,7768
3145,7816
3146,4298
3146,4452
3146,5817
3146,6633
3146,8806
3147,3196
3147,8213
3148,9188
3150,3820
3150,4643
3150,4902
3150,6095
3150,7300
3150,7328
3150,7504
3150,9043
3150,9360
3151,3713
3151,6301
3151,6919
3151,7007
3151,8371
3151,8824
3152,4480
3152,8578
3152,9153
3153,3906
3153,6730
3153,8773
3154,4470
3154,8103
3154,9834
3155,7572
3156,3636
3156,6355
3156,8548
3157,8495
3158,4902
3158,8524
3158,9693
3159,4976
3160,3990
3160,8572
3160,9032
3161,3202
3161,8046
3162,4195
3162,4213
3162,4219
3162,6314
3162,6748
3162,9326
3164,4193
3165,6596
3166,5030
3167,4154
3168,7880
3169,3969
3169,5597
3169,6873
3169,8178
3169,8721
3169,8722
3169,9227
3170,9173
3171,3592
3171,5003
3171,6971
3171,7704
3171,9489
3172,6596
3172,9838
3173,7851
3173,8388
3173,9368
3174,5638
3175,3503
3175,5200
3175,9074
3175,9266
3176,4363
3176,5906
3176,6222
3176,6352
3176,8224
3176,9380
3177,5020
3177,7779
3177,7780
3179,4881
3179,4959
3181,6682
3183,4384
3183,9804
3184,3570
3185,4235
3185,6271
3185,6551
3185,7839
3185,7847
3185,8246
3185,8788
3185,9320
3187,4359
3187,7072
3187,8539
3188,3726
3188,8943
3189,3263
3189,3433
3189,9775
3190,5970
3190,5973
3191,3673
3191,6324
3191,8726
3192,4928
3192,9155
3192,9460
3193,5560
3193,7985
3194,7834
3194,8015
3194,9376
3195,4276
3195,6528
3196,8213
3197,3793
3197,7907
3197,8531
3197,9448
3199,4625
3199,5748
3199,6002
3199,7999
3199,9184
3200,7158
3200,8141
3201,4219
3201,5457
3201,6250
3202,3537
3202,8046
3203,3245
3203,5244
3204,3494
3204,4965
3204,8241
3205,4119
3205,4159
3205,4744
3205,4853
3205,5058
3205,5239
3205,6379
3205,6489
3205,7698
3205,8138
3205,8239
3205,8691
3205,9505
3205,9593
3205,9781
3206,4344
3206,4599
3206,4749
3206,4753
3206,7835
3207,3323
3207,3512
3207,3693
3207,3708
3207,4033
3207,4076
3207,4266
3207,4359
3207,4876
3207,5048
3207,6001
3207,6463
3207,6832
3207,6861
3207,6960
3207,7072
3207,7889
3207,8301
3207,8456
3207,8916
3207,9050
3207,9492
3207,9700
3208,4770
3209,6242
3210,4342
3210,4444
3210,5472
3210,8786
3211,3421
3211,5038
3211,6827
3211,8908
3212,6766
3212,7156
3212,7681
3213,4036
3214,4434
3215,3899
3215,4806
3215,9684
3216,5350
3216,5424
3217,5350
3218,6438
3219,4687
3220,7216
3220,7712
3221,4042
3221,4392
3221,4773
3221,4902
3221,6148
3221,9131
3221,9205
3221,9480
3221,9703
3222,5132
3222,5456
3222,6785
3222,8628
3223,9651
3224,3855
3224,4387
3224,6288
3224,8055
3225,3339
3225,6344
3225,8418
3225,8506
3225,8654
3225,9559
3226,7607
3226,7728
3226,9371
3226,9586
3227,3643
3227,5094
3227,5652
3227,5978
3227,8632
3227,8866
3228,4202
3228,5891
3228,6349
3228,7668
3228,9236
3228,9285
3229,8157
3229,9069
3229,9712
3230,3733
3230,5434
3232,4153
3232,4628
3232,4838
3232,5154
3232,8181
3232,8907
3233,7534
3234,4553
3234,5313
3234,5859
3234,6715
3234,7125
3234,9127
3234,9300
3234,9462
3234,9783
3235,9783
3236,4004
3236,5140
3237,6271
3237,7688
3237,9411
3238,4735
3238,5566
3238,8416
3239,8813
3240,3601
3240,4565
3240,5278
3240,5444
3240,5734
3240,6340
3240,7414
3240,8887
3240,9436
3240,9475
3240,9485
3241,6380
3241,8188
3241,8197
3241,8274
3242,4020
3242,5062
3242,5924
3242,6880
3243,3899
3243,8225
3244,3302
3244,3413
3244,4204
3244,4646
3244,5465
3244,5716
3244,8310
3244,8819
3244,8977
3244,9157
3244,9337
3244,9348
3244,9752
3244,9830
3245,3919
3245,5244
3245,5299
3245,6793
3245,9468
3246,9228
3246,9389
3246,9421
3247,5639
3248,3312
3248,4191
3248,6765
3248,7071
3249,8717
3250,6874
3251,4622
3251,5264
3251,6104
3252,8691
3253,4269
3253,4560
3253,5007
3253,8696
3253,8705
3255,3549
3256,7370
3257,5791
3258,3509
3258,3938
3258,4426
3258,4471
3258,4539
3258,4585
3258,4662
3258,4688
3258,4924
3258,4999
3258,5299
3258,5606
3258,5739
3258,6339
3258,6880
3258,7295
3258,7437
3258,8012
3258,8132
3258,8476
3258,9076
3258,9297
3259,7443
3261,4440
3261,5977
3261,8963
3262,9692
3263,3433
3264,6657
3264,6825
3264,6984
3264,7397
3264,9203
3264,9231
3264,9731
3265,4447
3266,4637
3266,6145
3267,3535
3267,8726
3268,3269
3268,3432
3268,3750
3268,4266
3268,4467
3268,5038
3268,5151
3268,6463
3268,6827
3268,7107
3268,9188
3269,3281
3269,3432
3269,3434
3269,4468
3269,4746
3269,5603
3269,5779
3269,5944
3269,6397
3269,7660
3270,8644
3270,9586
3271,3307
3271,3514
3271,5057
3271,9577
3272,5651
3272,6450
3272,9613
3273,3820
3273,6443
3273,8111
3273,8917
3274,8340
3275,3506
3275,9617
3276,3382
3277,3533
3277,8322
3277,9633
3278,5084
3278,5821
3279,4137
3279,5606
3279,6001
3279,7912
3279,9287
3281,4098
3281,5779
3281,6166
3281,6283
3281,7660
3281,8050
3281,8186
3281,8312
3281,8656
3281,8657
3281,8723
3281,9558
3281,9574
3281,9869
3282,3681
3282,4882
3282,5376
3282,6320
3282,7542
3282,8588
3282,8620
3283,4234
3283,4340
3283,4554
3283,6337
3283,8601
3283,8942
3283,9570
3284,3285
3284,3979
3284,7534
3284,7668
3284,7901
3284,8109
3284,8830
3284,9558
3285,4555
3285,4571
3285,7668
3285,8650
3285,9558
3286,4315
3286,4347
3286,5777
3286,9399
3286,9447
3286,9531
3286,9746
3287,4555
3288,6890
3289,5370
3289,5382
3289,5665
3290,9341
3291,6163
3291,6930
3291,7721
3291,8233
3292,8210
3293,3708
3293,4498
3293,6144
3293,7083
3293,9518
3293,9818
3293,9869
3295,7137
3295,9205
3296,8748
3297,4818
3297,6730
3297,8773
3298,4017
3298,7730
3299,8257
3300,7123
3300,8582
3301,7289
3301,8182
3301,9457
3302,3413
3302,4204
3302,4463
3302,4646
3302,5465
3302,5716
3302,8310
3302,8819
3302,8977
3302,9157
3302,9337
3302,9348
3302,9752
3302,9830
3303,3314
3303,3385
3303,3524
3303,3595
3303,5151
3303,6485
3303,7149
3303,7393
3303,8476
3303,8689
3303,8983
3304,3722
3305,3434
3305,3769
3305,4252
3306,5984
3307,3514
3307,9577
3308,7595
3310,6322
3310,6330
3310,6355
3310,8548
3311,8664
3312,5374
3312,8053
3313,6858
3315,4215
3315,4752
3316,7405
3317,9525
3318,7012
3318,8998
3319,3846
3319,9642
3320,6268
3320,7220
3321,9790
3322,5445
3323,4033
3323,5673
3323,6960
3323,8296
3323,9050
3324,5615
3324,8356
3325,5074
3325,9312
3327,5226
3328,3333
3328,5429
3328,5571
3328,6064
3329,4362
3330,5890
3331,4308
3333,4237
3333,5080
3333,5429
3333,5571
3333,5619
3333,5851
3333,6064
3333,6276
3333,7000
3333,7434
3333,7473
3333,8898
3333,8931
3333,9248
3334,7540
3335,3618
3335,5287
3335,9138
3336,4559
3336,7816
3336,9253
3337,3544
3337,3562
3337,4324
3337,4818
3337,5361
3337,5878
3337,6280
3337,9317
3337,9441
3338,9686
3339,4497
3339,6622
3339,7740
3339,8418
3339,8531
3339,8827
3339,9156
3339,9403
3339,9478
3339,9753
3340,5416
3340,6610
3340,9151
3341,3539
3341,4148
3341,4780
3341,5216
3341,5744
3341,5822
3341,6067
3341,6210
3341,6369
3341,6525
3341,6673
3341,6683
3341,6813
3341,6823
3341,6929
3341,7628
3341,7974
3341,8714
3341,9210
3342,4438
3343,4663
3344,7661
3345,4246
3345,4262
3345,4466
3345,6005
3345,6363
3345,8166
3346,3938
3346,3970
3346,4715
3346,5438
3346,6880
3346,8539
3346,8911
3347,6136
3347,6859
3347,6882
3347,7933
3347,9298
3349,4240
3350,4819
3351,4137
3352,7075
3352,8979
3353,4687
3353,9222
3354,3427
3354,5024
3354,6413
3354,6860
3354,7267
3354,7626
3354,7783
3354,7784
3354,7835
3354,7923
3355,4375
3356,3600
3356,3619
3356,3913
3356,4300
3356,4780
3356,5222
3356,5304
3356,6136
3356,6163
3356,6425
3356,6991
3356,7183
3356,7653
3356,7786
3356,7850
3356,7946
3356,8129
3356,8188
3356,8202
3356,8311
3356,8629
3356,8679
3356,8699
3356,8746
3356,8915
3356,9025
3356,9169
3356,9181
3356,9197
3356,9210
3356,9350
3356,9450
3356,9721
3357,9243
3358,5739
3358,6000
3358,6179
3358,7576
3358,7949
3358,8188
3358,9537
3359,3913
3359,6619
3360,8314
3361,6512
3361,6572
3361,6847
3361,7226
3362,4474
3362,4923
3362,6889
3362,9074
3363,7043
3363,8531
3364,4289
3364,4484
3365,4748
3365,8740
3366,3432
3366,3966
3366,6971
3366,7612
3368,9488
3370,5711
3371,7190
3372,9249
3373,4974
3373,7949
3374,3397
3375,5732
3375,6377
3375,6544
3375,7614
3376,4109
3377,4697
3377,6589
3377,8672
3378,4109
3379,3979
3379,7298
3380,6666
3380,8706
3381,6158
3382,4247
3382,4989
3382,8778
3382,8807
3382,9701
3384,7727
3384,7867
3384,8775
3385,7149
3385,8983
3387,4266
3387,6454
3387,8934
3387,9739
3388,3549
3390,8413
3390,9208
3390,9352
3391,3537
3391,3736
3391,6698
3391,7322
3391,8369
3392,5217
3393,4711
3393,8460
3393,8461
3393,9260
3395,6741
3395,7284
3396,4642
3396,6714
3397,4945
3398,3646
3398,4170
3399,4908
3399,9785
3400,6155
3401,7575
3402,3631
3402,3720
3403,3746
3403,4224
3403,6198
3403,6323
3403,6324
3403,8958
3403,9647
3404,4097
3404,4523
3404,9561
3405,4442
3405,5366
3405,9395
3406,3745
3406,4427
3406,6185
3406,7536
3406,7614
3407,8507
3408,9286
3409,9746
3410,3535
3410,6251
3410,8505
3410,8615
3412,5105
3413,4204
3413,4463
3413,4646
3413,5465
3413,5716
3413,8310
3413,8819
3413,8977
3413,9157
3413,9337
3413,9348
3413,9752
3413,9830
3414,5501
3415,3920
3415,6875
3415,7096
3415,9320
3416,4616
3416,7988
3417,3885
3417,8991
3417,9338
3418,4481
3418,4640
3418,4813
3418,5339
3418,5433
3418,5448
3418,5770
3418,7029
3418,7379
3418,7594
3418,7905
3418,8187
3418,9357
3419,6082
3419,6432
3419,7587
3419,7702
3420,7762
3421,5038
3421,5426
3421,6827
3421,7602
3421,8908
3422,6132
3423,7511
3423,7656
3423,8650
3423,9476
3423,9649
3424,6458
3424,9297
3425,3485
3425,4130
3425,4191
3425,5452
3425,5761
3425,8468
3425,9074
3426,7729
3427,4124
3427,5293
3427,7267
3427,7741
3428,5089
3428,8398
3428,9405
3429,4474
3429,4664
3429,8355
3430,6322
3430,8548
3431,8603
3432,3612
3432,3726
3432,3750
3432,3966
3432,4071
3432,4106
3432,7672
3433,3997
3433,5369
3433,8019
3433,9015
3433,9576
3433,9587
3433,9775
3434,4252
3434,5100
3434,5779
3434,8507
3434,9053
3434,9665
3435,5605
3435,7529
3437,4554
3437,5972
3438,9352
3439,4874
3439,9392
3440,7662
3440,7845
3441,9286
3442,5976
3442,6335
3442,8025
3442,9573
3443,4977
3443,8690
3445,3554
3445,3615
3445,3789
3445,4668
3445,5310
3445,5325
3445,5403
3445,5483
3445,5735
3445,6106
3445,6583
3445,6787
3445,6872
3445,6985
3445,7111
3445,7362
3445,7450
3445,7699
3445,7950
3446,4902
3446,7447
3447,4552
3447,8238
3448,8337
3449,3890
3449,3925
3449,5989
3449,8394
3450,8987
3450,9213
3452,3537
3452,4146
3452,9404
3453,4215
3453,4218
3453,4746
3453,6557
3453,6561
3453,8046
3454,4005
3454,4851
3454,5554
3454,7093
3454,8398
3454,8679
3454,9531
3454,9630
3454,9631
3454,9862
3455,5767
3456,4130
3456,5698
3456,6693
3456,9239
3458,5058
3459,6834
3460,5681
3462,6108
3462,7150
3463,5785
3463,7289
3463,7325
3463,7769
3464,5259
3464,6999
3465,4136
3465,5309
3465,8787
3466,7744
3467,9295
3468,4797
3468,5530
3468,5548
3468,6738
3468,7443
3468,7451
3469,6187
3469,7958
3470,5071
3470,6555
3470,9187
3470,9867
3471,4549
3472,3999
3472,6933
3472,7831
3472,9159
3472,9234
3473,6357
3476,7415
3476,8868
3476,8901
3477,9446
3478,5842
3478,9295
3479,4470
3479,6636
3479,7538
3479,8433
3480,8427
3481,4179
3481,4303
3481,4547
3481,4761
3481,5391
3481,5620
3481,5621
3481,6000
3481,6559
3481,6597
3481,8058
3481,8733
3481,8859
3481,8893
3481,9102
3482,3951
3483,3808
3484,6179
3484,7603
3485,4130
3485,4547
3485,4748
3485,5292
3485,6846
3485,7201
3485,7564
3485,8125
3485,8137
3485,8157
3485,9074
3485,9151
3486,4379
3487,4391
3487,9559
3488,3533
3488,3819
3488,3886
3488,4135
3488,4453
3488,5077
3488,5290
3488,5577
3488,6127
3488,6266
3488,6647
3488,7246
3488,7847
3488,9298
3489,4688
3489,9451
3490,5288
3490,5847
3491,7490
3491,8551
3492,9612
3493,4594
3493,7057
3494,3523
3494,3580
3494,5917
3494,6722
3494,6996
3495,7807
3496,6761
3496,8952
3497,4211
3497,4219
3497,4760
3497,5291
3497,5622
3497,6560
3497,7213
3497,8081
3497,8151
3497,9448
3497,9703
3498,3994
3498,5649
3498,9413
3499,4218
3499,4219
3499,4521
3499,4746
3499,5926
3499,6311
3499,6561
3499,7406
3499,9654
3500,6971
3501,5816
3501,8413
3501,8897
3501,9430
3503,5200
3503,9074
3503,9266
3506,4105
3506,4427
3506,6832
3506,6859
3506,7126
3506,8542
3506,9617
3507,4708
3507,5451
3507,8661
3509,4471
3509,5609
3509,9492
3510,7772
3511,4659
3511,7151
3512,3708
3512,3741
3512,4022
3512,4033
3512,4140
3512,5766
3512,5792
3512,6397
3512,6463
3512,7938
3512,8859
3512,9076
3512,9544
3512,9599
3512,9636
3512,9641
3513,3973
3514,8028
3514,9577
3515,5654
3515,8661
3515,8957
3516,5095
3516,7542
3516,7549
3516,8587
3517,7784
3517,8654
3517,8724
3518,6023
3518,8127
3518,8618
3519,3922
3520,3560
3521,3524
3521,5739
3521,8396
3523,3580
3523,9409
3524,3577
3524,3750
3524,3782
3524,4064
3524,4998
3524,4999
3524,5095
3524,5151
3524,5264
3524,5299
3524,5642
3524,5925
3524,6397
3524,6880
3524,7393
3524,7912
3524,8396
3524,8476
3524,8539
3524,8590
3524,8885
3524,8891
3524,8934
3524,9392
3524,9596
3524,9746
3525,9563
3526,4907
3526,7084
3526,7744
3526,8480
3527,9027
3528,3533
3529,3717
3529,4619
3529,4750
3529,4925
3529,5430
3529,5511
3529,7075
3529,7752
3529,8747
3529,9355
3529,9776
3531,3533
3531,4048
3531,6504
3531,8598
3532,9633
3533,5077
3533,6504
3533,6866
3533,9633
3534,6652
3534,7641
3534,7745
3534,8462
3534,8675
3535,6355
3535,7672
3535,8505
3535,8726
3536,4088
3536,4277
3536,4858
3536,6305
3536,7528
3536,8602
3536,8753
3536,9617
3537,3736
3537,4021
3537,4524
3537,5984
3537,7322
3537,7644
3537,8643
3537,8702
3537,9404
3538,4304
3538,6744
3539,5822
3540,4200
3540,4556
3540,5476
3540,7542
3541,3687
3541,3877
3541,7655
3541,7659
3541,8049
3541,8649
3541,9663
3542,6187
3542,8943
3543,5073
3543,6668
3543,7861
3543,8020
3543,9328
3543,9600
3543,9602
3543,9682
3543,9790
3544,9317
3545,4983
3545,7883
3545,8025
3546,8664
3546,9468
3547,4599
3547,5280
3547,7968
3548,3711
3548,4507
3548,4754
3548,5217
3548,5821
3548,7359
3548,8541
3549,3772
3549,4101
3549,4642
3549,4763
3549,6403
3549,6530
3549,6796
3549,7053
3549,7440
3549,7816
3549,7948
3549,8262
3549,8525
3549,8885
3549,9408
3549,9409
3550,7100
3551,4648
3552,4924
3552,5008
3552,5009
3552,5302
3552,6912
3552,7664
3552,8890
3554,3615
3554,3789
3554,4668
3554,5310
3554,5325
3554,5403
3554,5483
3554,5735
3554,6106
3554,6583
3554,6787
3554,6872
3554,6985
3554,7111
3554,7362
3554,7450
3554,7699
3554,7950
3555,4886
3557,4138
3557,5268
3557,7520
3557,7522
3557,7879
3558,4585
3559,3569
3559,4747
3559,4890
3559,9594
3560,5385
3560,6269
3560,6924
3560,7607
3560,7848
3560,7902
3561,3620
3561,3841
3561,4357
3561,5341
3561,5420
3561,6551
3561,7133
3561,8414
3561,9785
3562,4818
3562,5361
3562,5878
3563,9325
3563,9526
3563,9782
3563,9801
3565,4921
3565,9079
3565,9617
3568,3851
3568,3862
3568,4497
3568,4853
3568,4862
3568,5040
3568,5769
3569,4747
3569,4890
3570,6950
3571,4917
3572,9598
3572,9784
3573,7990
3573,9632
3574,4804
3574,5588
3577,8538
3577,8539
3577,8883
3578,4989
3579,3804
3579,4589
3579,5609
3579,6437
3579,7024
3582,9721
3583,7499
3583,9755
3584,6005
3584,6108
3585,4871
3585,6458
3585,8400
3585,8685
3585,9297
3586,4122
3587,9785
3588,5391
3589,3676
3589,8274
3590,7367
3590,7721
3590,7734
3590,7847
3590,8325
3590,9293
3591,4321
3592,3913
3592,4157
3592,4186
3592,5003
3592,5460
3592,6423
3592,6498
3592,6530
3592,6971
3592,7098
3592,7704
3592,8281
3592,8342
3592,8885
3592,9143
3592,9748
3593,4417
3593,6141
3594,5060
3594,7755
3595,6485
3595,8689
3596,5680
3596,8718
3597,3776
3597,6293
3598,3682
3598,7793
3600,6163
3600,6947
3600,7724
3600,8188
3600,8401
3600,9298
3601,5256
3602,8224
3602,9693
3603,3793
3603,5306
3603,6261
3603,6373
3604,3634
3604,6260
3604,7872
3604,8782
3605,4617
3605,5854
3605,9756
3607,4004
3607,4888
3607,6118
3607,8933
3608,4747
3608,5068
3608,6064
3608,7766
3609,6213
3610,5263
3610,7212
3610,7292
3610,7578
3610,7909
3610,8807
3612,3674
3612,8507
3613,4153
3614,4195
3614,4211
3614,4218
3614,4747
3614,4751
3614,4752
3614,4753
3614,4759
3614,6312
3614,6555
3614,8046
3614,8047
3614,8298
3614,8679
3614,9627
3615,3789
3615,4668
3615,5310
3615,5325
3615,5403
3615,5483
3615,5735
3615,6106
3615,6583
3615,6787
3615,6872
3615,6985
3615,7111
3615,7362
3615,7450
3615,7699
3615,7950
3616,4305
3616,6114
3618,5287
3618,9138
3619,9197
3621,4273
3621,5029
3621,5227
3621,5893
3621,7024
3621,7036
3621,7250
3621,7391
3621,7733
3621,9050
3621,9233
3622,6027
3623,6463
3624,4604
3625,8669
3626,8504
3627,3833
3627,4092
3627,9339
3627,9667
3628,3948
3628,5352
3628,6410
3628,9559
3629,4102
3629,4223
3629,5373
3629,6393
3629,7538
3629,7672
3629,7898
3629,8223
3629,8611
3629,8944
3630,3651
3630,6293
3630,8946
3630,9684
3631,3720
3631,5197
3631,6278
3631,8065
3631,8866
3632,3701
3632,3855
3632,5649
3632,5979
3632,6436
3632,8829
3633,5757
3633,5764
3634,3963
3634,4846
3634,5002
3634,6260
3634,7089
3634,7346
3634,7466
3634,7872
3634,9813
3635,8878
3636,4576
3636,6355
3636,8548
3636,8551
3636,8624
3637,3742
3637,3979
3637,4419
3637,4517
3637,4575
3637,5095
3637,8240
3637,8585
3638,3953
3638,4672
3639,6722
3639,8975
3640,3899
3641,6917
3642,4465
3643,5978
3644,5420
3645,4675
3645,8940
3646,4610
3646,6114
3647,8604
3648,6768
3648,7101
3649,3934
3649,4876
3649,4999
3650,4376
3650,8646
3652,3952
3652,8612
3653,4224
3653,4376
3653,5666
3653,5967
3653,8502
3653,9660
3654,3722
3654,4088
3654,5678
3654,5984
3654,7660
3655,4250
3655,5980
3655,6449
3655,7670
3656,8065
3657,4360
3657,6506
3657,6955
3658,5734
3658,7747
3660,4671
3660,5259
3660,5877
3660,6884
3660,7173
3660,7750
3660,8551
3660,8793
3661,4782
3661,6017
3661,6112
3661,7220
3661,9517
3662,9795
3663,7860
3664,4910
3664,6013
3664,6719
3664,8771
3665,3666
3666,3961
3666,5484
3666,5782
3666,8407
3667,8840
3667,8930
3667,9511
3668,5327
3669,5312
3669,6608
3669,8112
3669,8251
3669,9232
3669,9243
3670,5425
3671,7660
3672,4376
3672,5901
3672,8051
3673,6324
3673,8907
3674,7542
3674,7652
3674,8507
3674,8587
3674,9343
3674,9593
3675,5864
3675,7850
3675,8753
3675,9603
3677,5000
3677,9148
3678,9622
3679,4982
3680,3727
3680,4441
3680,5857
3680,5920
3680,6290
3680,6293
3680,6308
3680,7666
3680,8033
3680,9578
3681,3996
3681,4387
3681,4882
3681,5656
3681,5962
3681,6198
3681,6288
3681,7531
3681,8949
3681,9016
3681,9544
3681,9579
3681,9785
3682,7361
3683,7601
3684,8667
3684,9029
3685,9330
3686,3922
3686,5388
3687,3877
3687,7305
3687,8649
3688,6331
3688,9264
3690,8979
3692,5506
3693,3938
3693,4078
3693,4264
3693,4546
3693,4772
3693,5792
3693,6937
3693,7038
3693,7500
3693,7889
3693,8012
3693,8189
3693,8456
3693,8778
3693,9076
3694,5965
3695,8329
3696,6530
3696,6810
3696,6936
3696,8541
3696,9711
3697,9090
3698,4063
3698,4462
3698,4916
3698,5301
3698,7817
3699,9739
3700,3922
3700,6063
3700,6195
3700,7421
3700,7423
3700,8353
3700,8755
3701,3855
3701,4110
3701,5155
3701,5649
3701,5979
3701,8829
3701,9590
3703,9460
3704,8925
3706,4643
3706,5312
3706,6404
3706,7117
3706,7494
3706,8112
3706,8567
3706,9243
3706,9447
3706,9500
3707,8011
3708,4054
3708,4076
3708,6001
3708,6071
3708,8217
3708,9076
3708,9869
3709,7096
3710,9307
3711,5821
3711,6543
3712,9785
3713,4543
3713,4573
3713,6301
3713,6921
3713,7007
3713,7619
3713,8247
3713,8824
3713,8951
3713,9250
3714,4773
3714,5002
3714,5324
3714,5927
3714,6453
3714,6895
3714,9125
3714,9205
3715,4902
3715,8524
3715,8754
3716,5276
3717,4750
3717,4925
3717,5430
3717,8747
3717,9776
3718,4704
3718,4898
3718,7802
3719,4055
3719,8660
3720,3723
3720,4331
3720,5969
3720,7940
3720,8650
3722,3736
3722,4088
3722,4255
3722,5678
3722,5984
3722,6017
3722,6182
3722,6355
3722,7660
3722,7672
3722,8590
3722,8943
3723,5630
3723,5969
3723,6341
3723,6396
3724,4068
3724,7665
3725,3747
3725,8647
3725,9010
3726,4071
3726,5381
3726,8505
3726,8511
3726,9340
3727,3731
3727,5096
3727,5920
3727,6279
3727,8548
3727,9578
3728,3767
3728,5655
3728,9578
3728,9582
3728,9661
3729,4578
3729,7550
3730,5371
3730,8511
3730,9574
3731,5096
3732,4611
3732,5363
3732,5859
3732,6258
3732,6599
3732,7091
3732,7777
3733,5434
3734,6994
3735,6543
3736,4025
3736,4084
3736,4088
3736,4225
3736,4255
3736,6330
3736,7201
3736,7322
3736,7548
3736,8590
3736,8648
3736,8943
3736,9291
3737,4806
3737,6798
3738,5794
3738,5871
3738,8274
3739,4661
3739,6463
3739,6845
3739,7109
3739,7537
3739,7846
3740,5098
3740,8504
3740,8588
3740,8828
3741,3996
3741,5092
3741,5317
3741,5941
3741,6283
3741,6734
3741,7536
3741,7660
3741,8726
3741,9544
3741,9599
3742,3979
3742,4071
3742,4556
3742,4575
3742,6324
3742,7534
3742,7690
3742,8240
3742,9023
3743,4070
3743,4219
3743,6314
3743,7475
3743,7670
3743,8510
3743,9586
3744,8657
3745,4353
3745,6185
3745,7009
3745,7536
3746,6198
3747,4198
3747,4350
3747,4556
3747,5178
3747,5380
3747,5784
3747,5899
3747,5972
3747,6399
3747,6400
3747,7147
3747,8613
3747,8831
3747,8943
3747,9699
3748,3758
3748,4205
3749,3770
3749,4407
3749,8201
3750,4014
3750,4266
3750,5151
3750,5336
3750,5864
3750,6546
3750,8301
3750,8753
3750,8934
3750,9603
3750,9604
3751,4808
3751,7444
3751,9855
3752,4849
3752,5998
3753,5998
3754,6425
3754,7093
3755,6736
3755,7320
3755,9126
3756,5843
3756,8912
3756,9695
3757,4023
3757,4139
3757,4494
3757,4589
3757,4741
3757,5154
3757,6301
3757,6458
3757,6591
3757,6794
3757,8262
3757,8313
3757,8545
3757,8752
3757,8863
3757,9024
3757,9085
3757,9864
3758,4205
3758,4902
3758,7300
3758,8284
3758,8569
3758,9018
3759,5836
3759,7476
3759,9240
3759,9264
3760,8967
3761,6530
3763,4741
3763,6918
3763,7163
3764,8912
3765,4215
3765,5494
3766,8661
3767,5655
3767,9578
3767,9582
3767,9661
3768,9295
3770,4251
3770,4407
3770,6977
3770,8201
3770,9018
3770,9570
3771,4794
3772,4642
3772,5034
3772,5077
3772,6039
3772,6040
3772,6044
3772,6530
3772,6685
3772,8885
3773,5687
3773,7559
3774,3881
3774,5681
3774,6226
3774,6523
3774,6575
3775,3934
3775,4425
3775,4752
3775,4927
3775,5019
3775,5957
3775,6425
3775,6786
3775,6895
3775,7150
3775,7808
3775,7910
3775,8043
3775,9869
3776,6293
3776,7974
3777,4652
3777,4664
3777,4706
3777,6446
3777,6640
3777,7917
3777,8355
3777,9173
3780,5354
3781,4840
3781,5417
3781,6793
3782,3992
3782,4867
3782,5390
3782,5925
3782,9166
3782,9202
3782,9266
3783,6099
3783,6648
3783,9120
3784,7230
3784,9038
3786,4270
3786,7054
3786,7946
3786,8917
3786,9102
3786,9488
3787,5663
3787,7123
3787,7206
3788,5949
3788,9498
3789,4668
3789,5310
3789,5325
3789,5403
3789,5483
3789,5735
3789,6106
3789,6583
3789,6787
3789,6872
3789,6985
3789,7111
3789,7362
3789,7450
3789,7699
3789,7950
3790,5692
3790,6454
3790,7017
3790,9371
3790,9461
3791,3843
3791,7090
3792,4472
3792,4788
3792,7882
3793,6517
3793,7907
3793,8531
3793,9448
3793,9804
3794,3795
3794,5443
3794,7086
3795,5443
3795,5863
3795,7086
3796,3929
3796,4491
3796,5358
3796,8642
3796,8786
3797,6301
3797,7644
3798,4747
3799,7310
3800,9307
3801,3836
3801,9171
3801,9480
3802,7693
3803,5471
3803,7523
3804,5177
3804,6437
3804,7024
3805,9277
3806,4782
3806,6854
3806,7343
3806,7723
3806,8366
3806,8515
3806,8863
3806,9720
3807,6243
3807,6540
3807,9310
3807,9703
3808,3876
3808,6857
3808,9372
3809,9245
3810,4011
3811,5003
3811,5469
3811,5863
3811,6423
3811,7367
3811,7704
3811,8127
3812,4201
3812,8974
3813,5210
3813,7952
3814,5894
3814,9763
3816,7716
3817,6172
3817,6227
3818,3871
3819,3965
3819,4453
3819,4767
3819,5421
3819,6663
3819,8167
3819,8939
3820,3826
3820,6443
3821,8186
3822,5859
3822,7692
3823,4153
3823,5174
3823,5863
3823,5864
3823,6514
3823,6646
3823,7106
3823,7912
3823,8530
3823,9135
3823,9235
3823,9287
3823,9646
3824,3869
3824,5138
3824,6002
3824,7646
3824,7649
3825,4811
3825,6783
3826,4241
3826,7943
3827,4772
3828,3843
3828,6503
3829,5205
3830,4192
3830,5629
3830,7954
3831,4902
3831,5185
3831,5601
3832,7225
3833,4092
3833,9339
3833,9667
3834,6363
3835,4645
3835,5995
3835,7524
3835,8254
3835,9094
3835,9402
3835,9834
3836,4603
3836,9171
3836,9480
3837,6551
3837,6552
3837,9652
3838,5273
3839,8782
3840,4664
3840,6110
3840,8415
3841,4683
3841,6551
3842,4780
3842,6929
3842,7653
3842,8311
3842,9169
3842,9210
3842,9389
3843,5409
3843,6503
3843,8439
3844,4106
3844,4327
3844,4753
3844,4851
3844,5358
3844,5578
3844,6258
3844,7093
3844,7310
3844,8679
3844,8857
3844,9651
3845,3901
3845,9235
3846,9642
3847,7201
3848,3918
3848,4209
3848,4215
3848,4747
3848,4755
3848,6555
3848,7477
3848,8259
3849,4856
3849,9526
3851,3862
3851,4497
3851,4853
3851,4862
3851,5040
3851,5239
3851,5769
3852,6130
3853,9550
3853,9595
3854,9542
3855,4110
3855,4354
3855,4387
3855,4693
3855,5583
3855,5649
3855,5979
3855,5986
3855,6288
3855,6326
3855,6734
3855,6992
3855,7018
3855,7253
3855,7254
3855,8055
3855,8829
3855,9413
3855,9590
3856,8113
3857,9325
3857,9591
3857,9675
3858,9326
3859,6077
3860,4494
3861,5950
3861,7659
3861,8523
3861,9544
3862,4497
3862,5040
3862,5489
3862,5769
3862,6813
3862,7435
3863,8986
3863,9243
3864,6260
3865,5173
3865,5240
3865,5634
3865,7525
3866,4721
3866,4727
3866,5033
3866,5703
3866,6148
3866,6521
3866,7500
3866,8869
3866,9076
3867,3898
3868,5778
3868,7846
3868,8311
3869,3919
3869,5138
3869,5707
3869,5743
3869,8786
3869,9080
3869,9207
3869,9301
3870,8046
3870,8259
3871,3938
3871,3970
3871,4186
3871,4997
3871,5791
3871,5925
3871,6485
3871,6645
3871,6742
3871,6880
3871,7393
3871,7971
3871,8342
3871,9347
3871,9427
3871,9736
3872,4638
3872,4697
3872,5892
3872,7271
3872,9212
3874,4303
3874,6365
3876,4455
3876,4511
3876,6857
3877,5376
3877,8649
3877,9663
3878,5884
3878,9214
3879,5229
3879,6951
3879,8105
3879,8861
3880,5027
3880,6715
3881,5681
3881,6226
3881,6523
3881,6796
3882,6248
3883,4416
3883,5478
3883,6566
3883,7682
3883,8149
3883,9467
3884,5910
3884,8325
3885,8437
3885,8991
3885,9338
3886,5077
3886,6163
3886,6549
3886,6647
3886,6971
3886,7949
3886,8106
3886,8199
3886,8272
3886,8731
3886,8917
3886,9102
3887,5488
3887,5589
3888,5019
3889,6092
3889,7687
3889,8786
3889,9421
3890,3925
3890,8394
3891,5990
3892,4193
3893,9478
3894,5290
3895,4866
3896,4594
3897,4201
3897,6799
3897,9375
3899,4694
3899,7269
3899,9298
3899,9319
3901,5074
3901,8163
3901,9235
3902,4848
3902,9319
3903,4574
3904,3944
3904,6974
3905,4921
3905,9325
3905,9526
3905,9544
3907,6171
3907,6777
3907,9250
3907,9709
3907,9844
3908,4242
3908,5532
3908,8075
3909,8344
3910,4047
3910,4296
3910,8549
3911,7964
3912,4586
3912,5349
3912,5780
3913,5008
3913,6136
3913,6619
3913,6687
3913,6912
3913,7427
3913,7910
3913,8129
3913,8904
3913,8905
3914,4871
3914,9058
3914,9220
3915,4602
3916,5085
3916,9075
3917,4741
3917,6918
3918,6555
3918,8259
3919,9080
3920,4700
3920,8331
3920,8430
3920,9416
3921,5496
3922,4041
3922,4263
3922,4809
3922,5388
3922,6195
3922,7421
3922,8918
3924,7815
3925,8394
3926,5704
3926,7797
3926,7833
3926,8448
3926,9405
3926,9496
3927,7863
3928,4804
3928,9463
3929,4491
3929,4511
3929,4956
3929,6243
3929,6735
3929,9191
3929,9339
3929,9703
3930,4603
3930,6467
3930,8494
3930,8763
3932,4299
3932,8549
3933,4224
3934,4876
3934,4999
3934,6425
3934,6937
3934,7072
3934,7201
3934,8012
3934,8456
3934,8694
3935,4819
3935,6966
3935,7050
3935,8756
3935,8824
3935,8916
3935,9292
3935,9326
3935,9589
3937,4644
3937,7642
3938,3970
3938,4078
3938,4277
3938,4546
3938,4715
3938,4806
3938,5414
3938,5438
3938,5739
3938,5792
3938,6463
3938,6638
3938,6880
3938,7500
3938,7829
3938,7889
3938,8132
3938,8909
3938,9076
3938,9188
3938,9492
3938,9641
3938,9736
3939,8737
3940,6217
3940,6293
3940,8503
3941,8313
3942,6196
3942,6474
3943,4747
3943,4759
3943,6551
3943,6552
3943,9640
3943,9652
3944,6974
3944,7768
3944,9385
3945,7902
3946,5074
3946,8637
3947,4631
3947,7458
3947,7810
3947,7975
3948,5352
3948,6410
3948,9559
3949,4069
3949,5381
3949,6309
3949,8615
3950,6326
3950,7673
3951,8603
3951,8989
3952,6326
3952,8612
3953,4672
3953,8068
3953,8693
3953,8991
3953,9076
3953,9279
3954,4975
3954,5996
3954,6487
3955,6065
3956,6531
3956,6853
3956,9308
3956,9336
3957,6264
3958,8381
3959,4194
3959,9434
3960,9175
3961,4010
3961,5484
3961,8407
3962,5740
3962,9767
3963,5281
3963,5836
3963,6155
3963,8432
3964,5082
3964,6507
3964,8338
3965,4788
3965,5843
3965,6037
3965,6062
3965,6616
3965,6827
3965,6988
3965,7293
3965,8768
3965,8782
3965,8939
3966,4064
3966,4338
3966,4359
3966,4546
3966,4896
3966,4897
3966,5048
3966,5685
3966,6423
3966,6530
3966,6645
3966,6971
3966,6975
3966,7062
3966,7072
3966,7201
3966,7327
3966,8072
3966,8476
3966,8539
3966,8868
3966,8885
3966,8934
3966,9488
3966,9509
3966,9863
3967,4103
3967,4104
3967,4432
3967,6976
3967,8409
3967,9180
3968,5195
3969,4594
3969,5597
3969,6873
3970,4186
3970,4264
3970,4341
3970,4486
3970,4715
3970,4870
3970,4896
3970,5088
3970,5226
3970,5479
3970,5925
3970,6366
3970,7131
3970,7412
3970,8012
3970,8132
3970,8375
3970,8526
3970,8539
3970,8733
3970,8911
3970,9649
3971,7051
3973,4349
3973,5966
3974,6388
3974,7551
3975,4310
3975,6486
3975,7024
3975,9743
3976,8620
3977,4142
3977,4193
3977,4240
3977,5282
3977,5570
3977,5628
3977,5796
3977,6596
3977,6887
3978,5783
3979,4575
3979,4940
3979,5146
3979,5347
3979,5927
3979,6906
3979,7298
3979,7534
3979,7901
3979,8141
3979,8830
3979,9715
3981,4423
3981,5028
3981,5226
3981,7270
3981,8883
3981,9322
3982,5197
3983,5895
3984,6387
3984,7321
3985,5144
3985,8056
3986,8240
3986,8617
3988,4230
3988,5058
3988,6714
3988,8025
3988,9322
3988,9876
3990,5383
3990,7665
3990,8572
3990,8820
3990,9032
3991,8118
3992,4214
3992,4752
3992,5925
3992,5931
3994,4206
3994,4754
3994,5649
3994,9413
3995,4707
3995,7019
3996,7649
3996,8155
3996,9016
3996,9544
3996,9570
3996,9599
3996,9613
3997,9015
3997,9576
3999,4341
3999,5088
3999,5407
3999,5526
3999,5996
3999,6366
3999,6933
3999,7282
3999,8641
3999,9139
3999,9472
4000,5320
4000,6293
4002,6049
4002,8435
4002,9324
4003,4747
4003,4754
4003,4760
4004,4888
4004,5140
4004,6118
4004,6663
4004,8933
4004,9779
4005,4762
4006,4407
4007,5131
4008,5131
4009,4444
4009,5032
4009,5414
4009,5712
4009,9850
4011,4033
4011,4802
4011,4999
4011,5151
4011,5560
4011,5812
4011,5906
4011,6075
4011,6222
4011,7762
4011,8476
4011,9380
4011,9482
4012,5775
4014,4941
4014,4989
4014,5029
4014,5176
4014,6698
4014,8301
4014,8753
4014,9488
4014,9603
4015,6519
4015,7977
4016,8744
4018,5685
4018,9488
4020,4999
4020,5062
4020,5924
4020,6880
4021,6434
4021,9508
4022,4593
4022,6415
4022,6976
4022,7938
4022,8193
4022,8456
4023,6591
4023,6794
4023,7994
4023,9024
4024,4106
4024,4150
4024,4156
4024,4544
4024,5116
4024,5117
4024,5138
4024,6514
4024,7919
4024,7920
4024,8159
4024,8167
4024,8530
4025,4206
4025,5957
4025,6895
4025,7548
4027,4238
4027,5219
4027,5626
4027,5660
4027,7880
4027,8308
4029,4513
4029,4921
4029,8110
4030,4745
4031,4288
4032,5053
4033,4076
4033,4321
4033,4359
4033,4517
4033,5048
4033,5573
4033,5812
4033,6051
4033,6640
4033,7104
4033,7307
4033,8224
4033,8859
4033,9050
4033,9850
4034,5192
4035,7076
4036,4635
4036,9746
4037,5005
4037,6499
4038,4172
4038,5809
4039,6155
4040,8565
4040,9360
4041,4809
4042,4773
4043,5575
4043,7464
4043,7592
4044,5184
4044,5355
4044,7790
4045,5896
4045,6014
4046,4139
4047,7795
4047,9728
4048,5213
4048,6504
4048,7285
4048,9493
4049,7278
4050,4274
4051,9575
4052,5776
4052,6353
4053,7191
4053,9257
4054,5453
4054,6471
4054,6937
4055,6181
4055,7551
4055,8660
4055,9762
4056,5649
4056,6734
4056,9686
4057,6416
4057,6733
4057,8263
4057,9028
4059,8165
4060,7280
4060,7281
4060,8946
4061,4111
4061,4806
4061,5050
4061,6577
4061,7847
4061,9293
4062,4274
4062,6662
4063,7817
4064,4962
4064,5264
4064,5932
4064,6423
4064,8868
4064,8885
4064,8891
4064,9466
4065,7798
4065,8469
4065,8767
4065,9487
4066,8668
4067,4549
4067,4873
4068,7665
4068,8042
4069,5981
4069,6230
4069,6309
4069,6397
4069,7018
4069,8055
4069,8165
4069,8616
4071,4579
4071,4906
4071,6336
4071,7690
4071,8240
4071,9023
4072,4249
4072,5971
4072,6884
4072,8551
4073,6217
4073,8503
4073,9580
4074,7023
4075,4525
4075,6217
4075,6425
4075,8503
4076,7104
4076,7953
4076,8058
4077,8493
4078,4277
4078,4715
4078,5414
4078,5438
4078,5792
4078,6437
4078,6861
4078,9076
4079,7045
4079,9635
4080,8228
4082,5138
4082,7090
4082,8527
4083,8598
4083,9348
4084,7548
4085,6579
4086,4321
4086,5988
4086,6328
4087,4967
4087,5837
4088,4092
4088,4255
4088,4579
4088,5678
4088,5984
4088,6182
4088,6187
4088,6330
4088,7660
4088,8590
4088,8943
4088,8946
4088,9339
4088,9684
4089,7533
4089,8250
4089,9421
4090,5690
4090,9007
4090,9570
4090,9599
4090,9665
4091,9580
4091,9599
4092,5678
4092,6148
4092,6465
4092,7669
4092,8499
4092,8950
4092,9006
4092,9035
4092,9339
4092,9667
4093,7660
4095,5095
4095,6217
4095,6293
4095,7542
4095,8503
4096,4144
4096,4321
4096,4372
4096,4517
4096,6178
4096,6361
4096,9342
4096,9573
4097,4523
4097,9561
4098,6355
4098,8608
4098,8726
4099,8425
4099,9593
4100,7052
4100,9295
4101,7948
4101,8525
4101,8657
4102,8944
4103,4378
4103,8274
4104,6976
4104,8409
4105,4427
4105,4585
4105,6072
4105,8347
4105,8382
4105,8934
4105,9442
4105,9538
4105,9835
4106,5902
4106,6136
4106,7672
4106,8943
4106,9317
4106,9651
4107,6832
4107,9298
4108,5053
4108,7979
4109,9687
4110,4262
4110,4354
4110,4387
4110,5428
4110,5499
4110,5649
4110,6734
4110,9413
4110,9590
4111,4235
4111,4444
4111,5032
4111,5089
4111,5469
4111,5823
4111,6534
4111,6577
4111,7466
4111,7838
4111,7949
4111,8641
4111,9700
4111,9850
4112,4591
4112,5172
4114,6899
4117,7386
4117,9125
4118,4402
4118,7792
4119,4159
4119,4744
4119,5058
4119,6379
4119,6489
4119,7698
4119,8138
4119,8239
4119,8691
4119,9505
4120,5544
4121,4324
4121,4558
4121,4927
4121,5019
4121,5218
4121,6817
4123,5656
4123,7529
4123,7665
4124,5134
4124,5181
4124,5197
4124,6154
4125,6970
4125,7914
4125,9455
4126,6129
4128,4282
4128,5196
4128,7200
4129,5432
4130,6581
4130,7201
4130,7337
4130,9074
4130,9432
4131,8147
4132,8482
4132,8770
4133,4886
4135,4782
4135,5089
4135,5290
4135,5577
4135,7419
4136,4465
4136,5309
4137,4471
4137,4505
4137,4876
4137,5358
4137,6001
4137,6425
4137,7115
4137,7393
4137,9399
4138,5268
4138,7879
4139,4699
4139,4741
4139,4797
4139,5664
4139,6190
4139,6563
4139,7451
4139,9044
4139,9864
4140,5766
4140,5792
4140,7388
4140,7938
4140,8214
4141,5214
4142,5282
4143,8392
4144,4321
4144,4732
4144,5790
4144,5893
4144,8873
4145,8556
4147,7002
4148,4215
4148,4400
4148,6100
4148,6823
4148,7079
4148,7229
4148,7613
4148,7920
4148,8609
4148,9201
4149,4992
4149,6998
4151,6467
4152,4731
4152,5277
4152,5624
4152,5784
4152,6382
4152,6495
4152,7908
4152,9692
4152,9794
4153,4545
4153,4714
4153,5085
4153,5173
4153,5240
4153,5911
4153,6519
4153,6543
4153,7023
4153,7121
4153,7138
4153,7379
4153,7421
4153,7913
4153,8181
4153,8513
4153,8547
4153,8907
4155,4451
4155,4827
4156,4544
4156,5117
4156,6867
4156,7658
4156,7919
4156,8612
4158,6815
4158,9333
4159,4744
4159,5058
4159,6379
4159,6489
4159,7698
4159,8138
4159,8239
4159,8691
4159,9505
4160,4172
4161,4201
4162,5067
4162,5155
4162,7332
4162,7388
4162,9708
4163,9061
4165,4338
4165,4896
4165,8816
4166,4457
4166,5252
4166,7435
4166,7546
4167,5686
4168,5141
4169,6095
4170,4731
4170,4742
4170,5034
4170,5624
4170,5784
4170,5798
4170,6495
4170,8442
4170,8839
4172,5214
4172,5687
4172,6022
4172,7485
4172,7956
4172,7982
4172,8582
4173,8693
4174,8288
4175,6522
4175,6571
4176,6458
4176,7889
4176,8400
4176,8983
4176,9188
4176,9297
4179,4761
4179,5391
4179,6924
4179,7069
4179,7953
4179,8058
4179,8166
4179,8199
4179,8859
4179,8893
4179,9102
4179,9388
4180,4410
4180,6902
4181,9271
4182,6087
4182,7515
4184,4286
4184,5169
4184,9820
4185,5286
4185,9530
4186,4608
4186,5009
4186,5606
4186,5925
4186,6124
4186,6423
4186,6877
4186,7062
4187,5490
4187,8537
4188,5661
4188,6623
4188,6719
4188,7373
4188,8224
4189,4190
4189,5008
4189,6912
4189,7750
4190,5008
4190,6912
4190,7948
4190,9327
4190,9548
4191,4508
4191,4803
4191,5143
4191,6852
4191,7071
4191,7468
4191,7967
4191,9266
4191,9551
4192,4612
4192,5238
4192,5544
4192,5629
4192,6873
4192,8221
4193,4811
4193,5847
4193,6879
4193,8163
4193,8376
4193,9478
4193,9747
4194,5091
4194,8688
4194,9434
4195,4206
4195,4215
4195,4219
4195,4747
4195,4759
4195,5150
4195,6314
4195,6552
4195,6555
4195,7201
4195,7475
4195,7665
4195,8046
4195,9187
4195,9188
4195,9627
4196,9390
4199,7438
4199,7439
4200,4556
4200,7542
4200,8639
4201,8011
4201,8974
4202,6349
4202,7668
4202,9285
4203,5985
4203,6005
4203,6108
4204,4463
4204,4646
4204,5465
4204,5716
4204,8310
4204,8819
4204,8977
4204,9157
4204,9337
4204,9348
4204,9752
4204,9830
4205,4752
4205,4902
4205,5980
4205,8457
4205,9627
4206,4207
4206,4212
4206,4219
4206,4312
4206,4601
4206,4746
4206,4747
4206,4754
4206,5012
4206,5603
4206,5953
4206,5957
4206,6561
4206,7201
4206,7252
4206,8256
4206,9594
4206,9627
4206,9636
4207,4600
4207,4757
4207,7296
4207,7828
4207,8259
4208,4209
4208,4214
4208,4746
4208,4747
4208,9596
4209,4211
4209,4214
4209,4215
4209,4219
4209,4746
4209,4747
4209,4752
4209,4755
4209,4759
4209,4935
4209,5066
4209,5555
4209,5603
4209,5738
4209,5876
4209,5893
4209,6311
4209,6551
4209,6552
4209,6557
4209,8634
4209,9596
4209,9627
4209,9652
4209,9653
4209,9656
4210,4746
4210,9596
4211,4214
4211,4216
4211,4344
4211,4605
4211,4606
4211,4650
4211,4747
4211,4752
4211,4755
4211,4759
4211,4760
4211,5931
4211,6178
4211,6551
4211,6552
4211,7658
4211,8046
4211,8118
4211,9652
4211,9656
4212,4219
4212,4746
4212,6561
4212,8294
4212,9596
4213,6314
4214,4219
4214,4221
4214,4746
4214,4747
4214,4752
4214,5281
4214,5931
4214,6493
4214,6520
4214,6555
4214,7201
4214,8753
4214,9297
4214,9596
4214,9627
4214,9636
4215,4218
4215,4219
4215,4330
4215,4342
4215,4746
4215,4747
4215,4752
4215,4754
4215,4958
4215,5213
4215,5494
4215,6311
4215,6314
4215,6485
4215,6561
4215,7201
4215,7252
4215,7477
4215,7613
4215,7665
4215,7920
4215,8046
4215,8153
4215,8258
4215,8259
4215,9627
4216,4606
4217,5396
4217,6733
4217,6850
4217,8379
4217,9127
4218,4219
4218,4747
4218,4748
4218,4753
4218,6311
4218,6313
4218,6553
4218,6555
4218,6557
4218,6561
4218,8046
4218,9628
4218,9654
4218,9655
4219,4221
4219,4752
4219,4754
4219,4759
4219,5095
4219,5457
4219,5738
4219,6250
4219,6314
4219,6553
4219,6557
4219,6561
4219,7201
4219,7252
4219,7406
4219,7475
4219,7536
4219,7665
4219,8046
4219,8151
4219,8510
4219,8948
4219,9586
4219,9655
4220,4689
4220,4895
4220,6768
4220,7306
4221,4754
4221,4760
4221,8514
4223,4316
4223,8957
4224,5666
4224,6198
4224,8378
4224,8958
4224,9082
4224,9269
4224,9858
4225,4255
4225,8648
4225,9291
4227,4876
4227,4949
4227,7805
4227,8301
4227,9390
4227,9603
4228,9416
4229,7918
4230,7143
4230,9322
4231,8068
4233,5025
4233,5736
4233,5895
4233,8333
4233,9249
4233,9414
4234,4554
4234,4915
4234,5354
4234,5975
4234,6337
4234,7916
4234,7929
4234,8601
4234,8972
4234,9307
4234,9570
4235,4439
4235,5029
4235,5048
4235,6271
4235,6745
4235,6746
4235,6832
4235,7282
4235,8693
4235,8744
4235,8840
4235,9106
4236,8983
4236,9483
4237,7473
4238,4911
4238,5626
4238,7687
4238,8580
4240,4526
4240,4810
4240,6293
4240,6555
4240,7152
4240,7615
4240,8855
4240,9112
4240,9134
4240,9764
4242,8075
4243,6319
4243,7660
4245,7052
4245,7616
4245,7801
4246,6005
4246,6108
4246,6909
4246,9276
4248,4649
4248,6776
4248,6952
4248,8284
4248,8569
4249,5971
4249,6884
4249,8551
4250,5317
4250,5741
4250,5980
4250,6449
4250,7670
4251,4419
4251,5129
4251,8201
4251,8735
4253,6323
4253,6324
4253,8726
4253,9599
4254,7607
4255,4575
4255,6182
4255,6187
4255,8030
4255,8590
4255,8614
4255,8943
4256,9012
4257,8407
4257,9128
4257,9130
4259,6675
4259,7803
4259,8182
4259,9457
4260,5210
4261,4773
4261,5927
4262,4800
4262,5428
4262,5499
4263,4837
4263,6375
4263,7952
4263,9344
4264,4546
4264,4715
4264,5438
4264,5473
4264,7107
4264,8012
4264,8778
4265,6722
4265,6776
4265,9133
4265,9826
4266,4341
4266,4467
4266,5027
4266,5151
4266,5358
4266,5398
4266,5864
4266,6072
4266,6454
4266,6597
4266,6645
4266,6893
4266,7035
4266,7072
4266,7107
4266,7310
4266,7763
4266,7989
4266,8214
4266,8456
4266,8539
4266,8694
4266,8785
4266,8934
4266,9412
4266,9492
4266,9629
4266,9739
4267,4782
4267,7481
4268,4540
4268,6529
4269,4560
4269,6346
4269,8305
4269,8696
4269,9479
4269,9831
4270,8106
4270,8731
4270,9102
4270,9488
4271,5407
4271,6070
4271,7454
4271,8876
4272,9173
4273,4989
4273,7024
4273,7036
4274,4643
4274,4685
4274,6095
4274,6107
4274,6211
4274,6662
4274,7823
4274,7952
4274,8498
4274,8784
4274,8924
4275,5475
4275,8529
4276,6528
4277,4415
4277,4806
4277,4858
4277,5029
4277,5048
4277,5414
4277,6463
4277,7286
4277,7755
4277,8753
4277,9076
4277,9333
4277,9603
4277,9617
4277,9735
4278,5316
4278,5577
4278,6667
4278,6738
4278,7491
4278,8173
4278,8635
4278,9724
4280,9511
4281,9491
4282,5196
4282,5458
4282,7200
4282,8756
4282,8759
4283,4366
4283,6565
4283,6904
4283,6953
4283,7944
4283,8322
4283,8469
4283,8934
4284,5034
4285,4812
4285,7255
4286,8828
4286,9820
4287,6169
4287,6170
4287,8626
4287,9051
4289,4484
4289,9810
4290,8749
4291,5411
4291,6187
4291,6363
4291,9393
4292,6866
4292,8892
4292,9836
4293,8469
4294,4761
4295,5236
4296,7535
4296,8549
4297,5245
4298,5817
4298,6633
4299,5268
4299,5307
4299,7731
4299,8060
4299,8549
4300,7786
4301,9100
4301,9193
4301,9194
4302,6594
4302,6595
4303,6365
4304,6744
4305,6114
4305,7204
4306,8176
4307,4622
4307,6424
4309,7986
4310,5197
4310,6486
4310,7024
4310,7300
4310,8109
4310,8281
4310,9743
4311,6667
4311,8548
4312,4746
4312,4747
4312,5603
4312,9448
4313,6773
4313,6894
4313,8951
4313,9678
4314,5173
4314,8503
4315,4347
4315,9746
4316,8661
4316,8957
4317,9013
4318,4639
4319,5286
4319,8479
4320,4456
4320,8250
4321,4372
4321,4517
4321,4882
4321,5712
4321,5976
4321,6209
4321,6328
4321,7665
4321,7880
4321,8036
4321,8039
4321,8724
4321,9013
4321,9342
4321,9543
4321,9850
4322,8778
4323,7623
4324,4558
4327,5578
4327,6258
4327,6312
4327,6617
4327,7310
4327,8679
4329,8391
4330,4342
4331,7940
4331,8518
4332,9623
4333,6783
4334,5346
4334,8342
4334,8885
4334,9713
4335,6136
4335,6259
4335,7589
4336,7946
4337,6534
4337,6541
4338,4896
4338,5871
4338,6870
4338,6971
4338,7804
4338,8376
4338,8816
4338,8934
4339,5095
4340,4554
4340,6337
4340,8601
4341,4418
4341,4452
4341,4754
4341,4839
4341,4973
4341,5407
4341,5707
4341,5784
4341,5826
4341,5835
4341,6128
4341,6366
4341,6536
4341,6819
4341,6893
4341,6894
4341,6933
4341,7038
4341,7175
4341,7391
4341,7618
4341,7837
4341,7907
4341,8025
4341,8281
4341,8571
4341,8655
4341,8702
4341,8959
4341,9000
4341,9081
4341,9390
4341,9421
4341,9804
4342,4958
4342,7184
4342,8153
4342,8411
4342,8786
4342,8881
4342,9173
4342,9276
4342,9321
4342,9804
4343,4392
4343,7184
4343,8786
4344,4599
4344,4749
4344,4753
4344,7658
4345,4747
4345,4753
4345,6551
4345,8151
4347,5777
4347,8055
4347,9531
4347,9746
4348,5319
4348,8599
4349,5144
4349,5966
4350,6878
4350,8613
4351,5630
4351,6396
4351,8115
4352,6324
4353,7536
4353,7537
4353,8657
4354,4387
4354,4407
4354,5583
4354,5649
4354,7018
4354,8201
4354,9585
4355,4386
4355,7530
4355,8591
4355,9011
4357,7133
4358,8664
4359,4502
4359,7062
4359,7072
4359,8539
4360,6199
4360,6506
4360,6955
4362,7260
4362,8157
4362,8358
4362,8816
4363,5226
4363,5295
4363,5906
4363,8733
4366,6904
4367,4733
4367,5282
4367,5575
4367,9152
4368,4786
4368,5026
4368,7023
4369,4370
4369,8828
4370,8828
4371,6884
4371,9196
4373,8619
4376,5253
4376,5901
4376,5967
4376,8051
4376,8597
4376,8646
4376,9660
4378,4432
4380,6868
4381,8979
4382,7137
4383,4742
4383,4808
4383,5027
4383,5917
4383,7563
4384,4547
4384,5104
4384,5110
4384,5906
4384,6805
4384,8334
4384,8548
4384,8724
4385,5879
4385,5958
4386,5145
4386,5961
4386,7530
4386,8591
4386,9011
4387,5649
4387,6288
4387,6734
4387,6992
4387,8055
4387,9413
4387,9785
4388,5969
4388,8059
4388,8847
4389,5935
4390,4656
4392,9131
4392,9706
4393,9465
4394,7842
4394,8260
4394,9237
4394,9691
4394,9845
4395,7529
4395,7532
4395,9660
4396,7563
4397,4594
4397,5880
4397,7814
4397,8204
4398,8417
4398,9711
4399,5170
4399,7082
4399,7330
4400,6100
4400,6587
4400,7613
4400,9201
4401,6578
4401,9266
4402,5537
4402,5849
4402,5882
4402,7177
4402,7792
4403,4431
4403,5172
4404,4824
4404,6035
4404,8171
4404,8645
4404,9088
4405,5195
4405,5922
4406,7529
4407,4698
4407,6192
4407,6400
4407,6977
4407,7307
4407,7707
4407,8060
4407,8201
4407,9018
4408,4659
4408,4665
4408,5620
4408,7307
4408,7795
4408,7827
4409,6978
4409,9077
4410,6974
4411,6504
4413,4479
4413,6849
4413,7749
4413,8220
4413,8684
4414,5206
4414,6136
4414,7589
4414,7590
4414,8346
4415,5048
4415,5573
4415,6451
4415,7768
4417,4444
4417,6141
4417,6940
4419,4575
4419,7668
4419,8585
4420,5468
4420,7476
4421,5034
4421,5328
4421,6903
4421,8243
4422,8759
4424,7096
4424,8421
4425,4662
4425,4769
4425,5540
4425,6714
4425,6796
4425,6935
4425,7465
4426,4662
4426,5195
4426,6162
4426,6339
4426,8921
4427,4486
4427,4585
4427,5608
4427,6072
4427,8382
4427,9106
4427,9442
4427,9538
4427,9692
4429,4570
4430,6321
4431,5172
4432,4911
4433,6990
4435,8033
4436,4859
4436,5876
4436,6552
4436,6990
4436,8089
4436,9327
4436,9785
4437,5917
4437,8205
4439,4544
4439,4955
4439,5029
4439,5048
4439,5250
4439,6271
4439,6624
4439,6625
4439,6745
4439,6746
4439,6832
4439,7239
4439,7282
4439,9870
4440,5977
4440,8963
4441,5920
4443,4627
4444,5032
4444,5407
4444,5414
4444,5707
4444,6141
4444,7687
4444,7688
4444,8786
4445,8846
4446,7395
4446,8371
4447,6698
4447,7796
4447,8846
4448,7003
4448,8057
4449,6433
4449,8075
4449,8834
4451,4827
4452,4582
4452,4676
4452,7382
4452,7573
4452,7837
4452,8025
4452,8214
4452,8558
4452,8702
4453,5479
4453,6244
4454,7179
4455,4511
4456,8250
4457,7435
4458,9264
4458,9611
4460,7151
4460,7828
4461,9061
4461,9294
4462,4653
4462,5301
4462,7772
4462,9533
4463,4646
4463,5465
4463,5716
4463,8310
4463,8819
4463,8977
4463,9157
4463,9337
4463,9348
4463,9752
4463,9830
4464,4995
4464,9429
4465,9176
4466,6363
4466,6935
4468,6807
4468,7006
4468,7416
4469,9206
4470,6127
4470,6922
4470,7846
4470,8103
4470,8433
4470,9374
4470,9533
4471,4688
4471,4715
4471,5299
4471,7072
4471,8012
4471,8027
4471,8456
4471,8909
4471,9451
4472,7882
4474,4923
4475,5251
4476,6136
4476,6859
4476,8382
4477,8579
4478,4479
4479,7749
4479,8220
4479,8684
4480,8578
4480,9153
4481,4640
4481,4813
4481,5339
4481,5433
4481,5448
4481,5770
4481,7029
4481,7379
4481,7594
4481,7905
4481,8187
4481,9357
4482,7154
4482,7562
4483,5033
4483,8580
4484,5177
4484,6168
4484,7243
4484,7515
4484,7734
4484,7755
4484,7847
4484,8185
4484,9810
4485,8733
4485,9178
4486,4909
4486,5277
4486,5608
4486,5624
4486,5784
4486,6770
4486,8629
4486,9107
4486,9267
4486,9442
4486,9692
4487,4837
4487,9484
4488,7075
4489,9817
4490,7070
4491,4956
4491,5141
4491,6149
4491,6363
4491,9339
4492,4992
4493,5832
4493,6462
4494,4741
4494,5154
4494,6591
4494,6794
4494,6921
4494,8313
4494,8863
4494,9864
4495,8150
4496,4691
4496,4743
4496,7196
4496,8765
4497,5040
4497,5489
4497,5769
4497,7435
4497,7740
4498,4759
4498,5579
4499,9446
4500,4785
4500,5830
4503,6776
4503,9136
4504,7727
4504,7867
4505,6462
4505,8432
4505,8524
4506,7109
4506,7846
4506,8286
4508,5143
4508,6852
4508,7468
4508,9266
4508,9551
4509,6716
4510,6993
4511,6735
4511,8581
4511,8786
4512,5443
4512,7942
4512,9742
4514,9531
4515,8007
4516,5777
4516,6288
4516,6310
4516,8055
4517,5095
4517,5712
4517,5903
4517,6257
4517,8036
4517,8585
4517,8643
4517,8724
4517,8886
4517,9850
4518,5145
4518,5961
4518,7530
4519,6307
4519,7530
4519,9613
4520,5569
4521,5926
4521,6561
4522,8724
4523,9561
4524,7122
4524,8613
4524,9307
4524,9662
4524,9810
4525,6217
4525,8503
4526,4697
4526,5760
4526,5791
4526,6113
4526,6935
4526,8231
4526,8799
4526,9261
4527,7501
4528,7863
4528,8516
4529,5760
4529,6056
4529,6412
4530,8650
4531,4787
4531,6810
4531,9711
4532,9369
4534,5852
4535,6316
4535,8608
4535,9869
4537,5541
4537,6865
4537,7836
4537,8254
4538,8431
4540,6529
4540,6586
4541,9817
4542,6554
4542,7300
4543,7130
4543,7305
4543,7658
4543,7849
4543,8191
4543,8935
4544,5048
4544,5116
4544,5634
4544,5863
4544,5868
4544,6050
4544,6518
4544,7138
4544,7919
4544,9076
4545,6519
4546,6971
4546,7072
4546,8132
4546,8885
4547,5861
4547,5906
4547,6846
4547,7564
4547,8916
4547,9151
4548,9573
4548,9663
4549,4873
4549,6959
4549,7843
4549,8469
4549,8796
4549,9134
4549,9827
4550,8339
4551,6034
4552,5643
4552,7057
4552,8455
4552,8925
4553,5859
4554,5635
4554,5972
4554,5975
4554,6326
4554,6337
4554,7535
4554,8549
4554,8601
4554,8942
4554,9008
4554,9570
4554,9811
4555,5375
4555,8650
4556,5981
4556,6324
4556,7534
4556,8831
4556,9643
4557,8876
4558,4988
4558,5305
4558,5467
4558,5816
4558,6751
4558,8002
4558,8469
4559,9253
4560,8305
4560,8696
4560,8705
4560,9479
4561,7545
4561,9144
4563,9523
4567,8232
4568,7523
4568,9580
4570,5913
4572,5546
4572,5708
4572,6550
4572,7266
4575,6217
4575,6309
4575,8030
4575,8503
4575,8585
4576,8624
4577,8616
4578,5773
4578,5786
4578,7550
4579,6343
4579,7201
4579,8508
4579,9651
4581,9379
4582,7382
4583,4592
4583,4754
4583,7887
4583,7975
4583,8806
4583,8816
4583,9213
4583,9377
4584,9162
4585,4688
4585,4772
4585,5250
4585,5299
4585,5739
4585,6380
4585,6652
4585,7038
4585,7515
4585,7648
4585,7850
4585,7889
4585,8927
4586,5780
4588,6405
4589,5053
4589,6458
4589,6747
4589,7884
4589,7979
4589,8101
4589,8262
4589,8752
4589,8753
4589,8934
4589,9609
4592,7349
4592,7975
4592,8806
4592,8816
4593,6415
4593,8817
4593,9252
4593,9414
4594,4841
4594,5597
4594,6167
4594,7057
4594,7561
4594,7696
4594,8191
4594,8935
4594,9104
4597,6310
4597,8160
4597,9356
4598,4899
4598,6248
4599,4749
4599,4753
4599,5280
4599,7968
4599,9106
4601,4747
4601,5603
4603,6467
4605,4752
4605,7955
4607,6715
4609,7713
4609,7722
4610,6114
4611,4935
4611,5001
4611,5250
4611,6482
4611,6696
4611,7091
4611,9076
4613,9744
4616,7988
4617,5758
4618,4766
4619,7752
4619,9355
4620,5255
4620,8378
4621,7674
4622,5264
4622,6424
4622,6633
4622,9865
4623,5925
4624,5689
4625,7999
4625,8882
4626,9865
4628,8181
4628,9312
4629,8804
4630,7907
4631,7458
4631,7810
4631,7975
4632,5174
4632,5864
4632,9287
4633,5915
4633,6651
4633,6888
4633,7632
4634,5870
4634,7886
4634,8363
4635,7913
4636,4710
4636,5032
4636,5397
4636,6152
4636,6178
4636,6458
4636,6630
4636,6875
4636,6876
4636,6923
4636,8778
4636,9058
4637,5040
4637,6145
4638,4925
4639,7422
4639,9174
4640,4813
4640,5433
4640,5448
4640,5770
4640,7029
4640,7379
4640,7594
4640,7905
4640,8187
4640,9357
4641,5134
4641,6121
4642,6530
4642,7494
4642,8859
4642,8885
4642,9409
4643,6095
4643,6538
4643,7703
4643,9243
4644,7642
4645,9094
4645,9402
4646,5465
4646,5716
4646,8310
4646,8819
4646,8977
4646,9157
4646,9337
4646,9348
4646,9752
4646,9830
4647,6263
4648,5149
4648,8073
4648,8683
4649,4989
4649,6952
4651,7132
4651,9712
4652,4706
4653,4933
4653,5089
4653,5261
4653,5340
4653,8335
4653,8571
4653,8716
4653,9207
4653,9211
4653,9301
4654,5459
4655,9605
4658,5366
4659,5934
4659,6163
4659,7151
4660,9441
4660,9519
4661,4670
4661,4806
4661,4974
4661,4999
4661,6803
4661,6845
4661,7109
4661,7846
4661,7946
4661,8311
4661,8992
4662,6339
4662,6796
4662,7465
4664,6110
4664,6446
4664,8355
4664,8415
4665,7795
4666,7443
4667,6686
4667,7887
4667,8456
4667,9320
4668,5310
4668,5325
4668,5403
4668,5483
4668,5735
4668,6106
4668,6583
4668,6787
4668,6872
4668,6985
4668,7111
4668,7362
4668,7450
4668,7699
4668,7950
4669,6286
4670,6813
4670,7333
4670,7846
4670,8311
4671,7017
4671,7173
4671,7213
4671,7718
4671,7771
4671,8710
4674,4840
4674,7527
4675,5074
4675,5095
4675,5820
4675,7315
4675,7656
4675,8309
4675,9312
4676,5563
4676,7116
4676,7474
4676,7573
4676,7907
4676,8571
4677,7306
4678,7399
4680,7527
4680,9145
4681,6148
4681,7478
4682,5354
4682,9225
4683,7180
4685,5674
4685,6107
4685,7823
4685,8471
4686,6072
4686,6324
4686,6793
4687,4960
4687,4992
4687,5093
4687,6137
4687,7601
4687,9151
4687,9174
4688,4772
4688,5299
4688,7704
4688,8106
4688,8909
4688,9451
4689,4895
4689,6768
4689,7306
4690,5281
4690,6150
4690,6179
4690,8525
4691,4743
4691,7196
4691,8765
4692,4796
4693,5649
4693,6992
4695,7430
4696,7112
4696,7447
4696,8929
4697,5050
4697,5218
4697,5284
4697,5760
4697,5791
4697,6426
4697,6589
4697,8672
4697,8673
4697,9212
4698,5835
4700,8331
4700,8430
4701,9759
4702,9426
4704,7198
4704,9416
4707,7019
4708,5451
4708,7420
4708,8389
4708,8661
4709,6463
4709,8301
4710,6178
4711,5133
4711,8461
4711,9260
4712,5008
4712,6912
4712,8404
4712,8890
4713,5165
4713,5803
4713,5883
4713,6087
4713,6102
4713,6293
4713,6372
4713,7192
4714,5240
4714,5911
4714,7913
4714,8547
4715,5299
4715,5438
4715,6072
4715,7360
4715,8012
4715,8132
4715,8909
4715,9076
4716,5449
4718,7633
4718,8365
4719,7287
4720,7710
4720,7955
4721,6861
4721,7131
4721,7339
4721,9097
4721,9636
4722,9061
4723,7878
4723,9144
4724,7817
4726,9164
4727,5033
4728,7193
4728,7199
4729,7276
4731,5624
4731,5784
4731,6495
4731,7908
4732,5790
4733,5575
4734,5002
4734,5085
4734,5197
4734,5447
4734,5603
4734,6519
4734,7139
4736,4961
4736,5147
4736,5264
4736,5925
4736,6485
4736,9477
4738,5297
4738,6590
4738,8269
4739,5818
4740,6262
4740,6599
4740,8318
4740,8860
4741,6000
4741,6153
4741,6563
4741,6918
4741,8109
4741,8313
4741,8344
4741,9864
4742,4808
4742,5027
4742,5036
4742,5772
4742,5917
4742,6083
4742,6495
4742,7492
4742,7563
4742,8193
4742,8218
4742,9076
4742,9333
4743,6337
4743,7196
4743,8765
4743,9397
4744,5058
4744,6379
4744,6489
4744,7698
4744,8138
4744,8239
4744,8691
4744,9505
4746,4747
4746,4752
4746,4754
4746,5603
4746,5737
4746,5990
4746,6324
4746,6551
4746,6561
4746,7252
4746,7660
4746,9596
4747,4748
4747,4752
4747,4753
4747,4754
4747,4759
4747,4760
4747,4890
4747,5603
4747,6064
4747,6551
4747,6552
4747,6559
4747,7075
4747,7477
4747,8151
4747,9594
4747,9596
4747,9636
4747,9640
4747,9652
4748,4815
4748,5272
4748,5437
4748,5534
4748,6120
4748,6313
4748,7411
4748,7581
4748,8081
4748,8125
4748,8157
4748,9151
4748,9325
4748,9469
4748,9673
4749,4753
4750,4925
4750,5430
4750,8747
4750,9776
4751,4760
4751,9627
4752,4753
4752,5056
4752,5931
4752,5965
4752,6324
4752,6490
4752,6552
4752,6561
4752,7213
4752,8047
4752,9016
4752,9596
4752,9627
4752,9816
4753,4759
4753,5296
4753,5500
4753,5603
4753,5893
4753,6282
4753,6551
4753,6561
4753,6590
4753,8151
4753,9056
4753,9627
4754,4760
4754,4942
4754,5007
4754,5226
4754,5957
4754,5990
4754,6268
4754,6555
4754,6559
4754,6952
4754,6992
4754,7910
4754,8046
4754,8695
4754,8859
4754,9377
4754,9397
4754,9596
4754,9636
4754,9637
4755,6494
4756,8961
4757,6397
4757,6555
4757,8662
4758,5600
4759,5095
4759,5603
4759,5615
4759,5841
4759,6551
4759,6552
4759,6555
4759,6645
4759,7075
4759,7107
4759,7201
4759,7536
4759,7665
4759,7889
4759,8151
4759,8694
4759,8785
4759,9640
4759,9652
4759,9653
4759,9831
4760,5603
4760,6314
4760,6560
4760,7907
4760,9240
4760,9601
4760,9627
4761,5391
4761,9816
4765,5217
4765,7814
4768,5895
4770,5287
4770,7227
4770,8368
4770,9459
4771,5610
4772,5081
4772,6880
4772,7104
4772,7128
4772,7424
4772,7704
4772,7844
4772,7889
4772,8189
4772,8456
4772,9492
4773,5927
4773,6895
4773,9125
4773,9205
4775,7276
4776,4883
4776,5743
4777,6648
4777,7993
4778,7109
4778,7846
4778,8955
4778,9766
4779,5103
4779,7262
4780,4905
4780,5104
4780,6210
4780,6462
4780,6791
4780,6929
4780,7182
4780,7637
4780,7653
4780,7654
4780,8311
4780,8663
4780,9169
4780,9210
4780,9218
4781,5017
4781,5166
4781,5290
4781,6366
4781,9069
4782,7481
4782,8515
4782,9720
4784,8355
4784,9454
4785,5830
4788,5713
4788,6066
4788,6404
4788,8025
4788,8768
4788,9621
4789,7804
4790,4791
4790,6502
4790,8269
4790,8707
4791,6502
4791,6972
4791,8269
4791,8275
4791,8707
4792,7313
4792,7404
4792,9142
4793,5287
4793,7457
4797,5530
4797,7451
4798,6061
4798,6460
4798,9754
4799,4955
4799,5407
4799,5996
4799,6895
4799,7282
4799,8886
4799,8997
4801,5509
4801,7487
4802,7762
4804,9463
4805,8210
4806,4989
4806,5049
4806,5050
4806,5414
4806,5606
4806,6083
4806,7847
4806,7946
4806,8222
4806,8430
4806,8753
4806,9076
4806,9293
4806,9333
4806,9603
4807,4869
4807,5106
4807,5266
4807,6720
4807,7467
4807,7866
4807,8312
4807,8466
4807,9148
4807,9755
4808,5027
4808,5036
4808,6596
4808,7492
4808,7563
4808,7928
4808,8144
4808,8193
4808,9855
4810,6293
4810,7361
4810,8033
4810,8999
4810,9764
4811,6601
4811,6661
4811,6879
4811,6985
4811,8309
4811,8376
4812,6441
4812,7255
4813,5339
4813,5433
4813,5448
4813,5770
4813,7029
4813,7379
4813,7594
4813,7905
4813,8187
4813,9357
4815,6120
4815,7730
4816,7965
4817,9076
4817,9617
4817,9735
4818,5361
4818,5799
4818,5878
4818,8773
4818,9373
4818,9441
4819,5309
4820,6183
4820,7889
4821,9840
4822,5451
4822,8957
4823,5016
4823,7150
4824,6035
4824,8171
4824,8645
4824,9088
4826,6382
4826,8818
4826,9848
4828,8642
4829,8092
4830,6689
4834,4937
4835,9256
4836,8526
4837,5264
4837,5825
4837,6998
4837,8767
4837,9484
4839,8281
4839,8959
4839,8983
4840,6793
4840,7527
4842,7146
4842,7163
4842,8313
4842,9690
4844,7430
4845,8297
4847,5332
4847,6580
4848,8297
4848,8298
4848,9319
4848,9526
4848,9800
4849,5998
4849,8382
4849,9492
4850,9549
4851,4887
4851,4890
4851,5299
4851,5609
4851,7514
4851,9531
4851,9651
4851,9784
4852,9785
4852,9816
4853,4862
4853,4975
4853,5058
4853,5239
4853,5996
4853,6340
4853,9365
4854,7010
4854,8521
4854,9326
4855,9602
4855,9806
4855,9812
4856,5073
4856,9325
4856,9526
4856,9596
4856,9644
4856,9774
4857,4929
4857,7819
4857,7822
4857,8251
4857,9798
4858,4921
4858,4925
4858,6305
4858,7286
4858,8823
4858,9617
4859,5219
4859,5555
4859,5838
4859,5841
4859,5876
4859,6552
4859,6990
4859,8089
4859,8696
4859,9327
4859,9785
4859,9786
4859,9810
4859,9831
4860,8713
4861,4886
4861,6890
4861,8464
4861,9547
4863,4922
4863,5408
4863,9527
4863,9802
4865,7432
4867,5390
4867,6887
4867,7855
4867,8293
4867,9239
4869,5266
4869,5919
4869,6756
4869,6759
4869,9148
4870,4871
4870,5066
4870,5153
4870,8425
4870,9057
4870,9312
4871,5364
4871,6180
4871,6217
4871,6293
4871,8685
4871,9053
4871,9312
4872,4984
4872,8108
4872,8279
4872,8776
4873,9134
4874,6409
4875,5892
4875,7444
4875,9186
4876,4999
4876,5358
4876,6425
4876,6703
4876,8301
4877,6400
4877,9299
4877,9352
4878,5614
4878,6819
4878,9790
4879,4953
4879,6448
4879,7486
4880,6717
4880,8183
4883,5743
4884,5008
4884,6458
4884,6555
4884,6912
4884,7171
4885,5122
4886,6031
4886,6032
4886,6851
4886,8464
4886,9314
4887,8304
4887,9531
4887,9596
4888,6118
4888,8933
4889,6118
4889,6590
4889,7286
4890,9784
4891,9329
4893,6519
4894,9059
4894,9181
4895,6768
4895,7306
4896,4897
4896,5547
4896,6423
4896,6645
4896,6971
4896,6975
4896,7260
4896,7656
4896,8072
4896,8376
4896,8539
4896,8650
4896,8816
4896,8934
4896,9312
4896,9649
4897,5547
4897,8539
4898,7802
4899,6248
4899,8539
4901,6318
4901,9473
4902,6224
4902,7300
4902,7578
4902,8524
4902,8554
4902,8754
4902,9043
4902,9452
4902,9693
4902,9795
4904,5072
4904,8228
4905,6102
4905,7022
4905,7654
4905,8311
4905,9210
4906,7503
4907,7084
4907,7744
4907,8480
4907,9668
4908,4963
4908,8939
4908,9049
4908,9785
4909,7121
4909,9442
4909,9692
4910,6719
4911,8580
4911,9072
4911,9151
4912,6723
4914,5274
4914,5722
4914,6195
4916,5584
4916,5950
4918,5218
4918,6631
4918,8744
4919,5625
4919,6982
4920,6163
4921,4925
4921,5553
4921,9325
4921,9526
4921,9617
4921,9676
4922,5408
4922,9527
4922,9802
4923,5560
4923,5739
4923,6669
4923,8375
4923,9074
4923,9780
4923,9869
4924,5008
4924,5009
4924,5040
4924,5302
4924,5606
4924,6912
4924,6927
4924,7062
4924,7181
4924,7491
4924,7664
4924,8404
4924,8890
4924,9316
4924,9398
4924,9799
4925,5430
4925,8747
4925,9617
4925,9776
4926,5040
4927,5019
4927,5171
4927,5218
4927,9544
4928,5235
4928,9155
4929,7819
4929,8521
4929,8794
4929,9798
4930,8865
4931,6409
4932,9213
4933,5181
4933,5261
4933,5407
4933,5570
4933,6661
4933,8335
4933,8571
4933,8716
4933,9122
4933,9241
4933,9717
4934,5507
4934,5762
4934,6419
4934,6425
4935,7091
4935,7422
4935,7626
4937,7195
4937,9115
4937,9700
4939,5893
4941,4989
4942,6952
4943,9050
4944,7580
4946,5756
4946,8470
4947,9811
4947,9855
4948,5509
4948,7152
4948,7342
4948,7615
4948,9087
4949,6463
4949,7805
4949,8301
4949,9603
4950,5756
4950,8470
4951,5533
4952,7551
4953,6448
4953,7486
4954,6116
4955,5996
4955,6625
4956,5825
4956,6149
4956,7348
4956,8686
4956,9191
4957,5420
4957,5726
4957,7278
4957,7466
4958,5259
4958,6999
4958,9417
4961,5147
4962,8885
4962,8891
4964,8079
4965,8241
4966,5348
4967,5837
4967,7166
4967,7290
4967,9178
4967,9444
4969,6007
4969,7946
4969,8916
4969,8917
4970,8797
4970,8898
4971,5195
4972,8797
4972,8898
4973,5760
4973,7345
4973,7347
4973,7723
4973,8571
4974,4999
4974,6417
4974,8113
4974,8992
4975,5052
4975,5407
4975,5996
4975,6487
4975,7445
4975,7974
4975,9679
4975,9825
4976,8066
4978,7446
4978,9405
4979,5757
4979,6527
4979,8553
4980,6151
4981,6440
4983,5739
4983,6072
4983,6898
4983,7989
4983,8025
4983,9081
4984,8108
4984,8279
4985,6073
4985,7989
4986,9529
4989,5029
4989,5270
4989,5763
4989,8159
4989,8301
4989,8753
4989,8778
4989,9488
4989,9603
4990,5142
4990,5264
4990,6562
4990,6654
4990,7393
4990,7416
4990,7756
4990,8141
4990,8314
4990,9430
4990,9465
4990,9476
4991,7313
4991,8327
4991,9142
4992,5420
4992,5847
4992,6293
4992,6961
4992,6998
4992,7361
4992,7601
4992,7890
4992,8606
4993,8353
4994,7524
4995,7491
4995,8188
4995,8778
4995,8821
4996,6246
4998,9746
4999,5151
4999,5925
4999,6380
4999,6645
4999,6880
4999,7093
4999,7844
4999,7946
4999,8476
4999,8539
4999,8785
4999,8911
4999,9019
4999,9043
4999,9076
5000,6423
5000,9148
5001,5250
5001,5935
5001,7212
5001,7777
5002,5603
5002,5760
5002,6453
5002,7271
5002,7723
5003,6423
5003,7704
5004,8284
5004,8569
5004,8758
5004,8760
5005,6499
5007,7910
5008,5009
5008,5117
5008,5302
5008,5863
5008,6179
5008,6458
5008,6912
5008,7061
5008,7062
5008,7502
5008,7664
5008,7799
5008,7948
5008,8404
5008,8766
5008,8885
5008,8890
5008,9145
5008,9327
5008,9409
5008,9548
5008,9791
5009,5302
5009,5606
5009,6324
5009,6912
5009,7313
5009,7422
5009,7664
5009,8159
5009,8890
5009,9531
5010,9482
5012,5953
5012,9524
5012,9627
5013,9264
5014,6019
5014,6155
5014,8870
5015,6079
5015,6938
5016,7150
5017,5290
5017,8350
5017,9069
5018,6169
5019,5218
5019,6813
5019,8311
5020,5801
5020,7779
5020,7780
5021,5729
5021,6483
5021,8717
5022,9217
5023,7454
5024,6826
5024,6860
5025,5736
5025,5895
5025,8333
5025,9414
5026,6281
5026,7023
5027,5151
5027,5917
5027,7148
5027,7563
5027,7794
5028,7069
5028,8911
5028,9322
5028,9377
5029,5685
5029,6458
5029,7391
5029,8753
5029,9488
5030,5760
5030,7723
5032,5414
5032,6152
5032,6458
5032,6864
5032,6923
5032,8190
5032,8404
5032,9297
5032,9573
5033,8580
5034,5328
5034,5798
5034,6234
5034,6245
5034,6903
5034,6947
5034,7350
5034,7442
5034,8243
5034,8318
5034,8429
5034,8839
5034,9711
5035,8416
5035,9565
5036,6992
5036,7563
5036,7989
5036,9714
5037,5220
5037,6820
5037,8701
5037,9096
5038,5358
5038,6616
5038,6827
5038,8908
5038,8948
5039,7819
5039,9643
5039,9798
5040,5489
5040,5769
5040,7435
5040,8297
5040,9325
5040,9526
5040,9799
5041,7970
5041,8169
5041,9816
5042,9055
5043,7193
5043,8412
5045,5348
5045,6241
5045,6621
5045,9095
5046,8285
5046,9494
5047,6299
5048,5116
5048,5573
5048,5685
5048,6136
5048,6451
5048,6458
5048,7201
5048,7491
5048,8224
5048,9488
5049,7847
5050,7024
5050,7847
5050,9293
5051,5226
5051,5906
5051,6908
5051,7128
5051,7762
5051,8478
5051,8526
5051,8733
5051,9425
5053,5263
5053,6716
5053,7884
5053,7979
5053,8001
5053,8995
5055,9134
5057,7930
5058,5239
5058,5925
5058,6379
5058,6489
5058,6924
5058,7067
5058,7104
5058,7698
5058,8138
5058,8239
5058,8691
5058,8909
5058,9320
5058,9505
5058,9781
5059,8991
5060,7755
5060,9486
5061,5129
5062,5924
5062,6880
5066,5153
5066,5906
5066,6974
5066,7071
5066,7260
5066,7402
5066,8425
5066,8911
5066,9312
5067,7332
5068,7766
5069,6635
5069,6776
5069,7113
5069,7858
5070,7647
5071,6298
5073,7861
5073,8859
5073,9599
5074,6532
5074,7208
5074,7519
5074,7526
5074,7656
5074,8637
5074,9312
5075,5354
5075,6083
5075,7928
5075,9305
5075,9333
5076,5089
5076,8398
5077,5821
5077,6647
5079,6105
5080,5364
5080,5571
5080,5851
5080,6276
5080,7025
5082,6507
5082,7787
5082,8338
5082,9556
5083,6795
5084,5434
5084,5821
5084,8080
5084,9348
5085,6519
5085,6543
5085,7139
5085,7547
5085,9075
5086,5147
5086,5712
5086,6792
5086,7024
5086,8410
5087,6453
5088,6366
5088,9165
5089,5338
5089,5823
5089,7505
5089,7797
5089,7833
5089,8179
5089,8398
5089,9405
5089,9850
5091,8688
5092,5620
5092,6734
5092,7058
5092,7542
5093,9174
5095,5144
5095,5657
5095,5871
5095,6012
5095,7536
5095,7542
5095,7549
5095,7656
5095,7976
5095,8048
5095,8065
5095,8585
5095,8589
5095,8632
5095,8866
5095,8947
5095,9312
5095,9558
5095,9560
5095,9649
5096,6279
5096,8548
5097,8094
5097,8115
5098,5404
5098,8588
5099,7443
5100,8507
5102,9216
5103,6140
5103,6772
5103,6819
5103,7260
5103,7262
5103,8484
5103,9042
5103,9165
5104,5110
5104,6813
5104,7221
5104,7637
5104,7706
5104,8311
5104,8663
5104,9169
5104,9210
5104,9500
5106,5266
5106,6526
5106,7467
5106,9148
5107,6185
5107,8534
5107,8786
5107,9231
5108,7275
5108,8922
5109,5334
5109,7904
5112,6404
5112,7494
5112,7775
5112,9500
5113,7604
5113,8228
5113,8390
5114,6608
5116,5118
5116,5685
5116,5863
5116,7491
5116,7918
5116,8159
5116,8161
5117,5487
5117,5863
5117,6394
5117,6497
5117,6514
5117,6779
5117,6912
5117,6941
5117,7422
5117,7844
5117,8159
5117,9165
5118,8161
5119,6016
5119,7319
5120,7444
5121,7151
5121,8173
5122,5810
5124,5724
5125,8743
5126,5267
5127,8397
5128,7349
5128,9197
5129,7626
5129,8201
5129,8735
5130,9136
5131,5407
5131,6534
5132,5456
5133,9260
5134,5545
5134,6121
5134,6296
5134,7066
5134,7317
5134,7442
5134,7817
5135,7941
5137,6220
5137,7024
5137,7076
5137,8465
5137,9781
5138,7646
5138,7920
5138,7981
5138,8045
5138,8167
5138,8530
5139,7912
5141,6187
5141,6363
5141,7903
5141,7907
5141,8224
5141,8571
5141,9731
5143,6852
5143,7468
5143,9266
5143,9551
5144,5966
5144,8056
5144,8589
5144,8866
5145,5961
5145,7530
5145,8648
5147,7024
5148,8121
5149,5590
5149,6100
5149,6103
5149,6211
5149,6930
5149,7347
5149,8120
5149,8552
5149,8553
5150,7308
5150,8121
5151,5222
5151,5560
5151,5615
5151,5739
5151,6024
5151,6260
5151,6397
5151,6463
5151,6645
5151,7466
5151,7889
5151,8291
5151,8301
5151,8476
5151,8539
5151,9076
5151,9187
5151,9492
5151,9603
5151,9629
5152,5275
5152,8143
5153,9312
5154,5631
5154,7074
5154,8181
5154,9850
5157,5476
5158,5517
5158,5860
5158,6606
5158,7023
5158,7645
5159,7121
5159,8513
5160,9738
5161,8356
5161,8419
5161,8476
5162,8266
5164,7233
5165,5803
5165,8066
5166,6272
5167,9776
5167,9819
5168,7571
5169,9820
5170,7082
5170,7330
5171,5462
5171,7621
5173,5868
5173,8503
5174,6463
5174,7090
5174,7201
5174,9080
5174,9287
5174,9646
5175,7136
5177,8185
5178,9144
5178,9699
5179,7557
5181,5197
5181,5314
5181,5483
5181,5570
5181,6661
5181,6844
5181,7301
5181,8335
5181,9199
5182,7931
5182,8472
5183,7640
5186,6983
5187,5998
5187,8910
5188,7723
5189,5233
5191,8178
5192,9243
5193,5195
5193,7216
5193,7356
5193,8270
5193,9694
5194,5195
5194,7374
5195,5261
5195,5506
5195,5570
5195,5922
5195,6135
5195,6162
5195,6175
5195,6896
5195,7374
5195,8270
5195,8921
5195,9241
5195,9694
5196,5458
5196,7200
5196,8759
5197,5789
5197,6325
5197,7288
5197,7393
5197,8065
5197,8274
5197,9314
5198,6010
5200,9074
5200,9266
5202,7540
5203,9662
5204,7800
5204,8964
5205,7484
5205,8189
5205,8280
5205,8320
5205,8426
5206,5584
5206,7589
5208,7824
5209,9850
5210,6219
5210,6475
5210,7587
5211,8736
5213,7285
5214,5687
5214,6022
5215,8524
5216,6210
5216,6930
5216,7628
5217,5521
5217,6810
5217,7359
5217,7658
5217,7814
5217,7958
5217,8541
5218,7069
5218,8673
5218,9212
5219,5487
5219,5555
5219,5660
5219,5838
5219,5841
5219,6087
5219,6738
5219,7687
5219,8696
5219,9785
5220,6820
5220,8844
5220,9096
5220,9520
5221,5605
5221,8157
5222,7850
5223,5601
5224,6394
5225,6459
5225,7332
5226,5906
5226,6952
5226,7938
5226,8375
5226,8911
5226,9425
5226,9451
5227,7036
5228,6394
5228,6655
5228,7185
5228,8137
5230,5363
5230,8490
5230,8860
5230,9674
5233,5350
5235,7732
5236,6928
5236,7457
5237,6463
5237,9603
5238,6873
5238,8178
5238,8719
5238,8722
5240,5634
5241,8078
5241,8203
5241,8227
5241,9381
5243,6160
5244,5299
5244,5808
5244,6374
5244,6476
5244,6550
5244,6793
5244,7222
5244,7266
5244,7455
5244,8594
5244,9468
5244,9861
5245,8332
5248,7265
5248,7433
5248,7873
5249,6103
5249,8610
5250,5323
5250,5606
5250,5739
5250,6679
5250,7742
5250,8476
5250,9076
5250,9715
5251,8873
5252,7021
5252,7134
5254,7522
5255,8074
5258,8228
5258,9617
5259,5877
5259,6162
5259,6999
5259,7552
5259,8793
5259,9417
5260,7381
5260,7803
5261,7576
5261,8145
5261,8270
5261,8335
5261,8416
5261,9211
5261,9241
5261,9694
5262,8270
5262,9694
5263,7014
5263,7578
5263,7603
5263,8095
5263,8255
5264,5825
5264,5925
5264,6645
5264,6998
5264,7393
5264,8127
5264,8314
5264,8535
5264,8767
5264,8891
5264,8911
5264,9295
5265,5416
5265,6650
5265,7321
5266,6133
5266,6720
5266,6756
5266,6759
5266,7467
5266,7488
5266,9148
5267,7856
5268,6053
5268,7879
5269,9072
5269,9170
5271,7627
5272,7411
5274,5722
5275,7924
5275,8143
5275,9172
5277,5282
5277,5624
5277,5784
5277,6382
5277,6414
5277,6495
5277,7436
5277,7437
5277,9442
5277,9685
5277,9692
5279,7907
5279,8571
5280,7968
5281,5836
5281,6179
5281,9297
5282,5322
5282,5784
5282,7057
5282,7117
5282,7255
5282,7395
5282,7510
5282,8311
5282,8357
5282,8663
5282,8900
5282,9210
5282,9544
5282,9660
5282,9760
5283,6900
5284,6203
5284,7314
5284,7696
5284,8113
5284,9428
5285,8117
5286,8479
5286,8967
5286,9530
5287,7227
5287,7457
5287,7598
5287,9122
5287,9138
5288,6926
5289,5745
5289,6455
5289,7193
5289,8872
5290,5577
5290,6104
5290,6731
5290,6829
5290,7216
5290,7843
5290,8242
5290,9069
5291,5447
5291,8016
5292,6021
5292,9151
5293,7267
5293,7563
5293,7741
5294,7137
5296,6282
5296,6386
5296,8110
5297,6590
5297,8269
5297,8892
5298,7024
5298,7076
5298,9781
5299,5431
5299,5739
5299,6380
5299,6410
5299,6793
5299,7514
5299,7889
5299,9468
5300,6109
5300,7493
5301,9533
5302,6912
5302,7664
5302,8890
5303,5323
5303,7098
5304,8699
5304,8915
5304,9721
5306,6261
5306,8380
5307,7731
5307,8060
5308,5468
5308,5516
5308,6103
5308,6482
5308,8772
5310,5325
5310,5403
5310,5483
5310,5735
5310,6106
5310,6583
5310,6787
5310,6872
5310,6985
5310,7111
5310,7362
5310,7450
5310,7699
5310,7950
5311,5772
5311,5917
5312,7117
5312,8112
5312,9243
5313,9127
5314,5483
5314,5570
5314,6574
5314,6844
5314,7301
5314,8919
5314,9199
5315,7099
5316,7491
5316,9724
5317,6187
5317,7536
5317,7543
5317,8509
5318,7141
5319,8599
5322,6380
5323,5754
5323,6694
5323,7098
5323,7894
5324,5927
5324,6357
5324,6453
5324,7247
5324,7980
5325,5403
5325,5483
5325,5735
5325,6106
5325,6583
5325,6787
5325,6872
5325,6985
5325,7111
5325,7362
5325,7450
5325,7699
5325,7950
5326,6927
5326,7872
5326,7933
5326,8133
5326,8445
5328,6903
5328,8243
5329,6036
5329,7163
5329,8045
5329,8473
5329,9259
5330,8096
5331,9438
5333,7959
5333,8582
5334,5470
5334,7904
5335,7946
5335,8916
5336,6546
5336,6916
5336,8350
5337,7403
5338,5823
5339,5433
5339,5448
5339,5770
5339,7029
5339,7379
5339,7594
5339,7905
5339,8187
5339,9357
5340,7659
5340,8548
5342,6178
5342,8753
5343,6712
5343,7260
5344,5781
5344,6800
5344,9781
5345,8307
5345,8671
5346,6119
5346,6971
5346,8141
5346,8885
5346,9713
5347,5759
5349,9216
5350,5424
5350,5910
5350,8088
5350,8155
5350,8423
5350,9616
5351,7034
5352,6410
5352,9559
5353,7142
5353,8360
5354,7122
5354,7916
5354,9307
5354,9553
5356,7968
5358,5395
5358,6390
5358,6425
5358,7088
5358,7090
5358,7124
5358,8642
5359,9536
5360,5739
5361,5844
5361,5878
5361,8895
5362,7120
5362,9240
5362,9601
5363,6599
5363,8860
5363,8893
5364,5571
5364,5730
5364,5741
5364,5746
5364,6261
5364,9053
5364,9221
5365,5396
5365,5913
5366,5757
5366,9109
5367,6136
5368,7787
5368,8209
5368,8872
5370,5382
5370,5665
5370,5946
5371,7897
5372,5959
5372,9036
5373,6393
5373,7538
5373,8611
5374,8053
5376,6320
5376,7542
5376,8661
5376,9663
5377,6079
5377,7536
5377,7537
5377,8064
5377,8657
5377,9007
5378,5655
5378,6216
5378,6332
5378,9582
5379,5948
5380,5899
5380,9648
5381,5899
5381,6288
5381,6355
5381,8022
5381,8055
5381,8505
5381,8511
5381,8615
5381,9033
5381,9580
5382,5665
5383,7631
5384,7537
5385,5939
5385,9005
5386,8506
5386,9559
5389,9354
5391,7465
5391,8199
5391,8859
5391,9102
5391,9388
5392,8251
5392,8914
5393,7276
5395,7124
5395,8539
5395,8883
5396,5913
5396,6733
5396,6850
5396,8379
5396,9127
5398,8214
5398,9736
5400,7952
5401,7866
5403,5483
5403,5735
5403,6106
5403,6583
5403,6787
5403,6872
5403,6985
5403,7111
5403,7362
5403,7450
5403,7699
5403,7950
5406,5996
5407,5645
5407,5707
5407,5996
5407,6070
5407,6534
5407,6535
5407,6541
5407,7282
5407,7445
5407,7645
5407,8571
5407,8641
5407,9259
5407,9421
5407,9472
5408,9527
5408,9802
5409,5580
5412,7676
5412,9061
5412,9294
5414,6178
5414,8430
5414,8753
5414,9076
5414,9293
5414,9333
5415,6947
5415,7440
5415,8318
5416,5505
5416,6259
5416,6468
5416,6514
5416,6692
5416,7506
5416,7999
5416,9320
5417,5817
5417,5957
5417,8377
5418,9730
5420,5681
5420,5698
5420,5726
5420,6260
5420,7278
5420,7466
5421,8939
5423,6426
5425,6163
5425,6815
5425,7643
5425,8396
5425,8539
5425,9314
5425,9455
5425,9781
5426,5559
5426,5752
5426,5982
5426,6827
5426,7293
5426,8266
5427,6615
5427,7197
5427,8562
5428,5499
5428,6420
5428,6636
5428,7751
5428,9332
5429,5571
5429,6064
5430,8747
5430,9776
5433,5448
5433,5770
5433,7029
5433,7379
5433,7594
5433,7905
5433,8187
5433,9357
5435,6404
5435,7914
5435,8314
5435,8365
5436,7228
5437,6120
5437,8081
5438,8539
5438,8642
5438,8778
5438,8883
5438,8901
5439,6000
5439,9666
5440,9335
5442,8670
5443,5886
5443,7086
5443,7942
5443,9742
5444,5734
5446,8855
5447,5622
5447,6122
5447,7151
5447,7494
5447,7816
5447,8016
5447,8081
5448,5770
5448,7029
5448,7379
5448,7594
5448,7905
5448,8187
5448,9357
5450,8214
5451,7420
5451,8661
5451,8957
5452,5761
5453,6471
5453,6937
5454,8013
5455,6436
5455,6665
5456,6785
5456,8628
5458,8756
5458,8759
5460,8342
5461,9829
5462,7621
5463,6160
5464,5757
5464,9059
5465,5716
5465,8310
5465,8819
5465,8977
5465,9157
5465,9337
5465,9348
5465,9752
5465,9830
5466,5646
5466,5647
5466,7310
5466,7601
5466,9151
5468,7476
5468,9264
5468,9854
5469,6423
5469,9850
5473,7107
5473,8012
5473,8426
5473,9482
5474,7584
5474,7977
5476,7758
5476,9512
5477,6131
5478,6303
5478,8149
5479,6178
5479,6361
5479,9042
5479,9165
5481,9481
5482,8218
5483,5570
5483,5735
5483,6106
5483,6583
5483,6787
5483,6844
5483,6872
5483,6985
5483,7111
5483,7301
5483,7362
5483,7450
5483,7699
5483,7950
5483,8919
5483,9165
5483,9190
5483,9199
5485,5488
5486,8384
5487,5660
5487,5838
5487,9429
5488,5589
5488,6506
5488,6700
5488,7263
5488,8440
5488,8561
5489,5769
5490,6643
5490,8174
5490,8244
5491,6082
5491,8129
5492,8283
5493,9384
5495,6082
5495,8129
5497,6136
5498,6197
5501,6091
5501,6221
5502,6102
5502,6112
5502,6372
5502,7309
5502,8610
5503,9314
5504,7847
5504,8878
5506,6017
5506,8121
5507,5762
5507,6419
5507,6425
5508,8146
5508,8176
5508,9755
5509,7342
5510,5743
5512,7628
5513,9314
5514,5813
5515,9069
5516,5591
5516,5815
5516,6103
5516,6482
5516,6820
5516,8772
5517,6606
5517,7645
5517,8939
5518,5669
5518,6649
5518,6883
5518,7910
5518,8914
5519,6236
5520,6294
5522,6420
5522,6636
5524,6616
5525,7488
5525,8606
5525,9700
5527,7023
5527,8221
5528,5529
5528,8988
5530,5548
5530,7443
5530,7451
5531,9170
5533,5927
5535,8788
5535,8934
5535,9131
5536,7820
5536,9415
5536,9431
5538,6157
5538,6351
5538,6406
5538,7306
5538,8253
5539,7166
5541,6865
5541,7836
5541,8254
5542,7177
5543,7975
5546,6550
5546,9746
5547,6645
5547,8785
5548,7451
5549,5550
5550,6084
5550,8885
5550,8959
5550,9151
5551,5565
5551,6773
5552,9238
5555,5841
5555,5876
5555,6552
5555,8634
5555,9786
5555,9810
5556,6069
5556,7570
5559,5925
5560,7985
5560,8356
5560,8476
5560,9263
5561,9636
5563,5910
5563,7474
5563,7871
5564,7999
5565,6773
5567,5568
5570,5702
5570,6008
5570,6135
5570,6661
5570,6844
5570,7301
5570,8335
5570,9199
5570,9241
5571,6064
5571,6276
5571,7832
5571,8898
5572,7203
5574,6155
5574,8472
5575,7464
5576,8114
5576,8121
5576,9105
5577,8428
5577,9465
5578,6258
5578,6312
5578,6554
5578,7093
5578,8679
5578,8890
5579,6072
5579,7601
5579,7676
5579,7938
5579,9151
5581,9732
5583,5649
5583,5986
5583,7018
5584,6039
5584,6043
5584,6179
5584,7047
5584,9411
5585,7694
5588,6722
5589,6506
5589,6700
5589,7263
5589,8440
5591,7035
5591,8694
5594,6407
5594,6969
5595,8228
5596,5739
5597,6873
5598,7231
5599,7148
5600,7961
5601,6094
5601,6095
5601,6120
5601,6217
5601,6293
5601,6334
5601,6429
5601,7682
5601,8282
5601,9764
5602,7536
5603,6064
5603,6552
5603,6559
5603,7660
5603,8098
5603,9652
5603,9653
5604,6083
5604,6895
5604,9076
5604,9333
5604,9869
5605,8157
5606,5739
5606,6002
5606,7062
5606,7510
5606,7847
5606,7989
5606,8476
5606,8753
5606,8841
5606,8905
5606,8937
5606,9106
5606,9492
5607,5991
5607,6260
5607,7276
5608,9442
5608,9692
5609,5957
5609,6340
5609,7062
5609,8621
5609,9602
5609,9651
5609,9701
5611,8879
5612,5976
5612,7656
5613,5970
5613,6338
5614,6819
5614,7058
5614,8308
5614,9736
5614,9790
5615,6260
5615,7035
5615,7107
5615,7889
5615,8476
5616,6478
5616,7380
5616,7469
5616,8234
5616,8976
5616,9282
5617,7046
5618,6686
5618,6724
5619,6570
5619,9142
5620,6559
5621,6000
5621,6597
5622,7907
5622,8081
5622,8082
5622,8389
5622,9448
5622,9586
5624,5784
5624,6382
5624,6495
5624,7907
5624,9225
5624,9692
5624,9794
5625,6982
5626,7880
5626,8308
5627,9215
5627,9821
5628,6887
5629,8180
5630,5969
5630,5978
5630,6341
5630,6396
5631,7074
5632,6964
5632,7998
5633,7694
5634,6518
5635,6337
5635,8601
5635,9008
5636,6385
5636,6716
5640,8438
5640,8449
5641,7092
5642,6164
5642,6324
5642,6496
5642,7422
5644,6631
5644,7342
5644,8827
5644,9478
5645,5996
5646,7601
5646,9151
5647,7601
5647,9151
5648,7868
5649,5979
5649,5986
5649,6326
5649,6734
5649,6992
5649,7018
5649,7254
5649,8829
5649,9413
5649,9590
5649,9686
5650,8040
5650,9022
5651,6401
5651,6450
5651,9613
5651,9769
5652,8632
5652,8866
5653,7251
5653,8104
5653,8852
5654,6300
5654,6345
5654,8661
5654,8957
5655,6216
5655,6332
5655,8023
5655,9578
5655,9582
5655,9661
5656,6324
5656,7811
5656,8590
5656,8653
5656,9570
5656,9577
5657,8947
5657,8971
5658,9566
5659,6869
5659,7881
5660,5838
5660,5841
5660,6951
5661,6623
5661,7373
5662,7248
5662,7777
5664,9044
5664,9068
5664,9386
5665,7353
5666,8502
5666,9660
5667,7570
5668,6933
5668,7339
5669,7778
5669,7910
5670,7331
5671,6514
5671,7919
5672,6753
5673,7912
5673,8694
5673,9869
5674,8471
5675,5784
5675,8052
5676,8911
5678,5984
5678,7660
5678,9339
5679,7409
5679,7483
5680,8718
5681,5807
5681,6504
5681,7776
5681,8139
5682,6519
5683,5847
5683,6945
5684,5939
5684,5994
5684,6692
5684,6835
5684,8512
5684,8764
5685,7201
5685,7491
5685,8072
5685,9488
5685,9701
5686,6912
5686,8404
5686,9401
5686,9548
5686,9699
5687,7559
5688,6827
5689,6890
5689,9730
5690,6327
5690,6392
5690,9599
5691,7927
5692,6454
5693,8066
5696,6056
5696,6384
5697,6691
5697,9239
5698,6615
5698,6693
5698,9239
5700,6472
5700,6511
5700,7016
5701,5719
5701,8454
5701,9191
5702,8141
5704,7797
5704,7833
5704,9405
5705,8236
5705,9837
5706,6428
5707,5743
5707,7385
5707,8571
5708,6550
5709,6060
5710,6078
5710,8916
5712,6074
5712,7768
5712,7816
5712,8886
5712,9850
5713,8768
5715,8296
5715,8298
5716,8310
5716,8819
5716,8977
5716,9157
5716,9337
5716,9348
5716,9752
5716,9830
5719,6981
5719,8454
5720,8745
5721,5725
5721,8906
5723,7279
5725,9059
5727,6698
5728,8650
5729,6483
5730,5746
5730,9863
5731,6692
5731,6962
5731,7340
5731,7416
5731,8767
5731,8929
5732,6377
5732,6435
5732,7614
5733,7341
5733,9121
5734,7747
5735,6106
5735,6583
5735,6787
5735,6872
5735,6985
5735,7111
5735,7362
5735,7450
5735,7699
5735,7950
5736,5895
5736,6449
5736,8333
5736,9249
5736,9414
5737,7252
5738,7201
5738,9627
5739,6072
5739,6075
5739,6679
5739,6861
5739,6862
5739,7093
5739,7148
5739,7428
5739,7676
5739,7889
5739,7989
5739,8012
5739,8132
5739,8476
5739,8937
5739,9187
5739,9188
5739,9492
5739,9557
5739,9869
5740,9767
5742,9020
5745,7193
5746,9059
5746,9181
5748,6002
5748,6859
5748,6942
5748,7027
5748,7872
5748,7933
5748,8663
5748,8782
5748,8905
5748,9184
5748,9298
5749,6856
5750,9059
5751,5999
5751,6801
5752,8266
5753,6895
5753,9862
5754,7098
5755,9232
5756,7290
5756,8470
5758,6735
5758,6749
5758,7177
5760,5957
5760,5998
5760,6260
5760,6412
5760,7139
5760,7398
5760,7723
5762,5908
5762,6419
5762,6425
5764,8395
5764,9112
5764,9764
5766,5792
5766,7938
5766,9492
5767,8751
5769,7435
5769,7489
5770,7029
5770,7379
5770,7594
5770,7905
5770,8187
5770,9357
5772,5917
5773,5786
5773,8323
5773,8518
5773,8724
5773,8854
5774,8065
5776,6353
5776,8550
5777,6288
5777,8055
5778,6369
5778,6813
5778,7109
5778,7846
5778,8286
5778,8311
5778,8680
5778,9766
5779,5972
5779,8723
5780,6637
5781,5906
5781,6924
5782,6453
5784,6382
5784,6495
5784,6979
5784,7903
5784,7907
5784,8052
5784,9225
5784,9390
5784,9692
5785,7325
5789,7393
5791,8342
5791,8799
5791,9347
5791,9427
5792,6397
5792,6437
5792,6463
5792,6861
5792,7076
5792,7500
5792,7889
5792,7938
5792,8476
5792,9076
5792,9641
5793,7755
5795,6922
5795,7846
5796,6596
5796,7712
5796,8683
5797,5917
5797,7273
5798,8839
5800,8461
5800,9260
5801,6957
5801,7779
5801,8354
5802,5925
5802,6108
5802,6185
5802,7536
5802,7973
5802,9148
5802,9834
5803,7192
5804,7023
5804,8221
5806,6052
5806,8031
5806,8855
5806,8959
5807,8139
5808,6550
5809,6776
5809,7582
5809,9609
5811,6942
5811,7092
5811,7559
5812,8539
5814,8849
5814,9568
5815,6820
5817,6633
5817,8806
5818,8811
5822,6525
5823,7510
5823,8179
5823,9850
5824,7658
5824,7849
5824,9084
5825,8686
5825,8767
5825,9160
5826,6536
5826,6819
5826,7391
5826,7618
5828,8066
5829,5844
5831,5910
5831,6780
5832,6462
5833,9240
5834,7227
5835,8959
5835,9399
5836,9240
5836,9264
5838,9810
5838,9831
5839,9367
5840,8179
5840,8467
5841,6087
5841,6552
5841,6990
5841,8089
5841,8633
5841,8696
5841,9785
5841,9786
5841,9810
5841,9831
5843,6616
5843,8912
5843,9695
5844,8671
5844,8895
5846,7129
5847,8163
5848,7816
5848,9163
5848,9375
5853,7497
5853,8595
5854,9756
5855,5963
5856,8038
5857,5920
5857,8614
5858,6386
5858,6974
5858,8315
5858,8400
5858,8911
5858,9165
5858,9213
5858,9478
5858,9754
5859,6258
5859,6513
5859,7125
5859,7692
5859,7777
5859,7999
5859,9437
5862,6612
5862,8685
5863,6514
5863,6518
5863,6912
5863,7061
5863,7918
5863,9548
5864,7076
5864,8536
5864,8859
5864,9076
5867,7912
5868,7138
5868,8224
5869,6728
5869,7914
5869,7920
5869,8530
5870,7886
5870,8363
5871,8065
5872,6480
5872,8364
5874,6552
5874,8634
5875,9101
5876,6324
5876,6552
5876,6990
5876,8089
5876,8634
5876,9327
5876,9776
5876,9785
5876,9810
5877,8793
5879,7287
5879,7715
5879,8308
5879,8738
5880,8805
5881,9375
5882,7177
5884,9214
5887,7795
5887,8520
5888,9041
5889,6837
5889,9532
5891,7351
5892,6694
5892,9212
5893,7031
5893,7250
5893,7733
5893,8873
5894,9763
5895,8333
5895,9249
5895,9309
5895,9414
5896,6014
5897,7613
5898,6562
5898,8750
5901,8051
5903,8610
5904,8953
5904,9578
5905,6018
5906,6222
5906,6366
5906,6680
5906,7128
5906,9114
5906,9320
5906,9593
5907,7967
5909,6967
5909,9351
5909,9501
5910,6780
5910,8423
5910,9314
5911,7913
5912,7407
5913,6491
5914,7615
5914,7638
5914,8276
5915,6651
5915,6888
5915,7632
5916,8173
5917,6667
5917,6996
5917,7273
5917,7563
5917,8142
5917,8144
5917,8193
5917,9091
5918,9669
5918,9778
5919,8416
5919,9241
5920,6290
5920,6293
5921,8653
5923,9254
5924,6880
5925,6485
5925,6645
5925,6703
5925,7024
5925,7393
5925,7412
5925,8476
5925,8592
5925,8885
5925,9076
5925,9320
5925,9477
5926,6561
5927,6357
5927,6895
5927,7247
5927,9125
5928,5929
5930,8577
5931,6324
5931,6552
5931,9785
5933,7151
5933,7843
5934,7151
5935,7212
5935,7248
5935,7777
5935,9537
5936,6948
5936,9847
5937,6293
5938,7606
5938,8517
5939,9005
5940,9762
5941,6198
5941,6283
5941,7536
5942,8548
5943,6185
5944,7078
5947,8029
5949,9498
5950,8511
5952,7524
5953,9627
5954,7155
5954,8730
5954,9400
5955,7090
5957,6786
5957,6895
5957,7139
5957,9377
5958,6251
5958,8615
5958,9017
5959,9036
5960,7609
5961,7530
5962,6198
5963,6187
5963,9566
5965,9016
5969,5978
5969,8059
5969,8847
5970,6338
5971,6884
5971,8551
5972,7200
5974,6333
5975,6431
5975,8549
5975,8942
5975,8943
5976,6209
5976,6335
5976,7656
5976,8724
5976,9573
5977,7382
5977,8963
5979,8829
5980,6449
5980,7670
5981,6230
5981,6323
5981,8505
5981,8612
5981,8616
5981,8948
5981,9035
5981,9647
5981,9648
5981,9662
5983,7668
5983,8650
5984,7660
5984,8551
5986,6495
5986,8622
5986,8669
5987,5992
5987,6585
5987,9680
5988,7544
5990,6312
5990,6381
5990,6559
5990,7926
5990,8046
5990,8151
5991,6260
5992,6585
5993,7048
5994,6692
5995,6890
5995,7524
5995,8254
5996,6534
5996,7012
5996,7445
5996,9159
5996,9259
5996,9303
5996,9472
5996,9679
5996,9825
5997,7234
5997,7585
5998,7168
5998,7579
5998,8910
5999,6801
6000,6597
6000,9492
6000,9666
6001,7104
6001,8456
6002,7649
6002,8693
6002,8782
6002,9184
6003,9235
6004,7107
6005,6108
6005,6187
6005,8166
6005,9276
6006,8181
6007,6661
6007,8093
6007,8877
6007,9198
6007,9200
6011,9710
6012,8866
6012,9558
6013,8771
6017,7220
6017,8121
6017,8553
6017,8833
6017,9213
6017,9517
6019,6155
6019,8870
6020,8127
6020,8375
6020,8911
6022,6051
6022,6498
6023,8127
6024,6163
6024,6165
6024,7151
6024,7721
6024,8106
6024,8109
6024,8411
6024,9097
6025,8127
6027,8566
6028,7022
6029,6341
6029,6880
6029,7536
6029,7668
6030,7739
6030,9793
6031,6032
6031,6851
6031,7837
6032,6851
6032,8714
6033,6081
6033,6703
6033,6986
6033,7035
6033,8292
6035,8171
6035,9088
6036,7163
6036,8473
6036,9259
6037,6839
6037,6988
6037,8343
6037,9127
6038,9358
6039,6040
6039,6043
6039,6044
6039,8627
6040,6044
6041,7100
6043,8627
6045,6721
6048,9451
6049,7136
6049,7462
6049,8435
6049,9324
6050,6518
6051,7205
6053,7879
6054,8899
6055,7165
6056,6384
6056,8669
6057,6217
6058,9768
6059,7719
6061,6460
6064,8116
6066,6404
6066,8388
6066,8768
6067,6673
6067,8878
6069,7570
6071,9076
6072,7436
6072,7842
6072,7938
6072,7989
6072,9076
6073,7989
6074,7768
6074,7816
6075,6183
6075,7889
6075,8058
6075,8456
6075,9380
6076,7805
6076,9531
6078,6795
6078,7161
6079,6938
6080,6561
6081,6703
6081,7035
6082,7587
6082,7702
6082,8129
6083,9076
6083,9333
6083,9610
6083,9781
6084,8885
6084,8959
6084,9151
6085,7496
6086,7494
6087,7098
6087,8247
6087,8719
6087,8720
6087,8722
6087,8951
6088,9328
6090,8173
6092,6507
6093,8969
6094,6095
6094,8282
6095,6841
6095,7703
6096,7490
6098,8170
6098,8841
6098,9230
6099,9120
6100,7613
6100,9201
6101,7312
6102,6112
6102,6367
6102,6368
6102,6372
6102,6462
6102,7022
6102,7309
6102,8122
6102,8311
6103,6211
6103,6482
6103,6738
6103,8553
6103,9247
6104,6731
6104,7843
6106,6583
6106,6787
6106,6872
6106,6985
6106,7111
6106,7362
6106,7450
6106,7699
6106,7950
6107,7823
6108,7150
6108,7973
6108,9276
6109,7493
6110,8415
6111,9407
6112,6368
6112,6372
6112,7309
6112,8610
6112,9517
6113,6935
6118,8933
6119,6259
6119,7378
6119,8885
6120,6313
6120,8081
6123,7611
6125,9597
6126,6960
6127,6178
6127,6266
6127,6361
6131,6322
6133,6756
6133,6759
6133,7488
6134,7278
6134,8390
6136,6365
6136,6832
6136,6859
6136,7038
6136,7589
6136,8382
6136,8838
6136,9298
6136,9409
6136,9488
6137,6586
6137,6925
6137,9151
6138,9198
6139,8544
6139,9754
6140,7128
6140,7260
6141,6940
6142,6463
6142,6845
6142,6922
6142,7846
6143,9864
6144,6145
6144,6607
6144,6781
6144,7589
6144,7895
6144,9391
6145,6607
6145,6781
6145,7895
6145,9391
6146,6342
6146,6464
6147,8486
6147,9787
6148,6182
6148,6506
6148,6955
6148,7448
6148,7449
6148,7669
6148,8272
6148,8533
6148,8869
6148,9511
6148,9703
6149,7348
6149,7687
6149,9339
6150,6179
6150,6952
6150,8525
6151,7014
6151,9174
6152,6178
6152,9573
6155,6510
6155,7070
6155,8359
6155,8472
6155,8809
6155,8870
6155,9236
6156,6636
6156,7247
6156,7876
6156,9331
6156,9332
6157,6351
6157,6406
6159,6273
6159,7094
6160,6273
6160,7376
6160,8249
6160,8815
6160,9217
6160,9625
6161,7377
6162,8921
6163,6217
6163,6293
6163,6646
6163,6883
6163,6927
6163,6947
6163,6971
6163,7151
6163,7457
6163,7721
6163,7751
6163,7794
6163,7946
6163,8106
6163,8188
6163,8411
6163,8752
6163,8917
6163,9097
6163,9102
6163,9134
6163,9298
6163,9488
6164,6496
6165,9097
6167,6516
6167,7057
6167,8191
6167,9302
6169,6170
6169,8626
6169,9051
6171,6777
6171,9709
6171,9844
6174,8371
6174,8824
6177,8575
6177,9444
6178,6361
6178,6661
6178,8309
6178,8331
6178,8430
6178,8753
6178,9573
6179,6912
6179,7144
6179,7576
6179,8404
6179,8525
6179,8937
6179,9409
6179,9411
6181,7551
6182,9856
6183,7889
6183,7953
6183,8058
6184,6866
6184,7146
6184,7432
6184,9056
6185,7536
6185,9173
6185,9417
6185,9834
6187,6363
6187,8571
6187,8640
6187,8943
6187,9144
6187,9191
6188,8657
6189,9021
6189,9286
6190,6776
6190,7077
6191,8113
6192,8060
6192,8605
6192,9058
6193,8346
6193,9497
6194,9014
6195,7345
6196,6474
6196,8883
6196,9140
6196,9829
6198,6323
6198,6324
6198,7536
6198,8958
6201,7591
6202,8791
6202,9677
6203,8113
6207,9119
6207,9289
6208,8726
6208,9599
6209,8724
6210,7628
6211,8498
6211,8553
6215,6932
6216,6332
6216,9582
6217,6273
6217,6293
6217,6309
6217,6429
6217,7025
6217,7469
6217,8503
6217,8815
6217,9579
6217,9764
6218,7169
6220,7024
6220,7076
6220,8189
6220,9781
6222,6352
6222,8224
6222,9380
6223,8075
6223,9838
6229,7302
6230,6288
6230,8616
6232,7567
6233,6982
6234,7442
6235,7863
6239,7772
6240,6600
6240,6973
6242,7679
6243,6540
6243,9310
6243,9703
6245,7350
6245,7442
6245,8307
6245,8671
6245,8839
6247,7188
6251,8505
6251,8615
6254,7565
6254,8496
6255,9170
6258,7777
6259,7378
6260,6381
6260,6554
6260,7723
6260,7742
6260,7837
6260,7872
6260,8123
6260,8890
6260,8910
6260,9874
6261,9053
6262,6554
6262,6599
6262,8318
6262,8643
6262,8815
6262,8860
6262,9258
6263,6916
6263,7210
6263,7338
6263,8085
6263,9078
6264,6626
6267,8156
6268,9601
6269,7737
6269,7848
6269,7902
6270,6546
6271,6746
6271,6832
6271,7038
6271,9106
6271,9411
6273,6293
6273,6309
6273,6429
6273,6856
6273,6998
6273,7025
6273,7094
6273,7203
6273,7376
6273,7401
6273,7469
6273,7489
6273,8249
6273,8815
6273,9217
6274,6636
6275,8696
6276,7434
6276,7832
6276,8898
6276,9248
6277,6293
6278,8065
6278,8866
6279,8548
6280,9610
6281,8111
6282,6953
6282,7618
6282,8413
6283,7536
6283,7537
6283,8853
6283,9558
6284,8860
6285,6335
6286,8508
6286,9684
6287,7671
6288,6992
6288,7018
6288,8055
6288,9785
6289,7436
6289,9062
6291,9764
6292,7361
6293,6309
6293,6429
6293,6778
6293,7025
6293,7192
6293,7361
6293,7469
6293,7974
6293,8033
6293,8503
6293,8815
6293,8964
6293,9478
6293,9579
6293,9656
6293,9764
6295,7473
6296,6695
6296,6762
6296,8748
6297,9551
6300,6345
6300,9009
6301,7007
6301,8824
6301,9862
6303,7965
6304,6433
6305,9617
6306,8603
6307,7530
6307,9613
6308,7666
6309,8503
6309,9579
6310,8160
6310,9356
6311,6313
6311,6555
6311,6561
6311,9628
6311,9654
6312,6555
6312,8151
6312,8679
6313,9654
6314,6555
6314,6557
6314,6559
6314,7252
6314,7475
6315,7533
6318,6441
6318,8235
6318,9473
6320,7542
6320,8620
6322,6355
6322,8548
6322,9614
6323,6324
6323,8548
6323,9648
6323,9662
6324,6734
6324,6793
6324,7422
6324,7534
6324,8041
6324,8548
6324,8850
6324,8885
6324,9531
6324,9596
6324,9810
6325,7288
6325,7383
6326,7673
6326,8549
6327,9599
6331,9264
6332,9582
6333,7369
6335,9573
6337,8549
6337,8601
6337,8765
6337,8942
6337,9008
6337,9332
6337,9397
6337,9570
6340,8621
6341,6396
6341,7668
6342,6464
6342,7819
6342,7822
6342,9572
6342,9798
6343,6397
6343,8508
6343,8726
6343,9651
6344,8654
6346,8156
6346,8696
6347,7770
6347,8704
6347,9537
6348,9246
6349,7668
6349,8460
6349,9285
6350,6515
6352,8224
6353,6363
6353,8550
6354,9165
6355,7672
6355,8505
6355,8548
6355,9614
6356,9213
6357,7247
6358,8915
6358,9721
6359,6709
6361,9573
6363,8224
6363,9731
6365,7038
6365,7683
6365,7850
6365,8983
6365,9040
6365,9079
6366,6933
6366,7402
6366,8358
6366,9649
6367,6372
6368,6372
6369,6813
6369,7159
6369,7846
6369,8311
6372,7309
6372,8610
6377,7321
6377,7614
6377,9475
6377,9794
6378,7777
6379,6489
6379,7698
6379,8138
6379,8239
6379,8691
6379,9505
6380,7106
6380,8342
6380,8476
6381,7742
6381,8571
6382,7336
6382,9848
6383,7958
6385,7767
6385,9195
6386,8110
6386,9213
6387,7321
6388,7551
6389,8964
6391,8674
6391,8702
6392,9599
6393,8611
6394,6568
6394,6779
6394,7185
6395,6951
6395,8636
6396,8115
6397,6463
6397,6555
6397,7062
6397,7294
6397,7660
6397,8012
6397,8188
6397,8291
6397,8662
6397,8733
6397,9076
6397,9641
6400,8647
6401,9613
6401,9769
6402,8248
6403,6530
6404,6631
6404,7146
6404,7444
6404,7494
6404,7683
6404,7775
6404,7914
6404,8314
6404,8359
6404,8365
6404,8461
6404,8768
6404,8957
6404,9447
6404,9478
6404,9500
6406,7306
6407,6549
6407,6906
6407,6969
6407,8832
6408,7397
6408,8642
6408,9203
6409,9460
6410,9559
6411,9746
6412,6517
6412,7907
6413,7626
6413,7835
6414,7436
6416,6733
6416,8263
6416,9028
6417,8237
6418,9686
6419,6425
6420,6636
6421,7768
6422,7907
6423,6530
6423,6645
6423,6971
6423,7327
6423,7367
6423,8868
6425,6485
6425,7269
6425,7457
6425,7586
6425,8694
6425,9164
6426,6737
6426,8079
6427,8881
6427,9173
6430,7563
6431,8943
6433,8075
6433,8587
6433,8668
6433,8834
6433,9776
6436,6665
6436,8491
6436,9144
6437,7024
6437,7318
6437,8185
6439,9071
6442,6708
6442,8400
6444,9462
6445,9462
6446,8355
6448,7486
6449,7670
6450,9613
6453,8266
6453,8745
6453,8755
6453,9154
6454,9492
6455,7193
6458,6521
6458,6555
6458,6912
6458,7171
6458,7491
6458,7889
6458,8400
6458,8404
6458,8753
6458,8983
6458,9297
6459,7332
6461,7299
6462,7299
6462,8311
6462,9169
6463,6521
6463,6597
6463,6861
6463,7127
6463,7466
6463,7537
6463,7999
6463,8301
6463,8733
6463,9297
6463,9603
6463,9641
6463,9670
6465,8499
6466,8044
6467,6470
6467,8494
6467,9725
6470,9725
6471,6937
6471,7424
6471,7938
6471,8419
6473,7182
6474,9140
6474,9829
6475,7117
6475,7587
6475,8932
6475,9718
6476,6550
6476,8594
6478,7380
6478,7469
6478,8234
6478,9282
6480,7969
6480,8361
6480,8364
6483,6801
6483,8905
6486,7024
6486,9743
6488,8513
6489,7698
6489,8138
6489,8239
6489,8691
6489,9505
6491,8032
6492,6733
6492,8263
6493,9297
6494,7723
6494,8123
6495,6685
6495,8669
6498,7098
6502,8269
6503,6544
6503,8439
6504,7776
6504,8598
6504,8880
6504,9289
6506,6955
6507,8338
6507,9556
6509,8887
6510,9236
6511,7016
6511,7865
6512,6572
6512,6847
6512,7226
6512,7397
6512,9203
6513,7692
6513,9437
6514,6692
6514,7367
6514,7422
6514,7704
6514,7919
6514,7946
6514,9489
6517,7907
6517,8571
6517,9390
6517,9804
6519,6543
6519,7078
6519,7121
6519,7139
6519,7547
6519,8362
6519,8513
6519,8528
6520,7201
6520,8393
6520,8753
6521,6555
6521,7500
6521,9076
6521,9297
6527,7312
6527,8553
6529,6586
6529,6925
6530,6910
6530,7367
6530,7466
6530,7704
6530,8342
6530,8404
6530,8541
6530,8741
6530,8859
6530,8885
6530,8934
6530,9040
6531,6853
6531,7730
6531,9336
6532,7208
6533,7179
6534,6541
6535,6764
6535,6814
6535,7706
6536,6819
6536,7391
6536,7618
6537,9416
6538,7703
6538,8158
6539,6632
6539,6719
6539,8215
6540,6616
6540,6839
6540,7709
6540,9310
6540,9359
6540,9703
6542,6604
6543,7392
6545,7091
6546,6834
6546,6916
6546,8350
6547,9235
6548,8274
6548,9451
6549,6906
6549,7298
6549,7593
6549,8832
6549,8917
6550,7222
6550,7266
6550,7455
6550,8594
6550,9746
6550,9861
6551,6552
6551,8151
6551,9596
6551,9640
6551,9652
6551,9656
6552,7665
6552,8089
6552,8259
6552,8634
6552,9640
6552,9652
6552,9653
6552,9776
6552,9785
6552,9831
6553,6561
6554,6912
6554,7300
6554,7502
6554,7721
6554,7837
6554,8890
6554,9043
6555,6914
6555,7036
6555,7171
6555,7201
6555,7814
6555,7844
6555,8259
6555,8294
6555,8662
6555,8679
6555,9050
6555,9134
6555,9636
6556,8444
6557,6561
6557,7195
6557,9627
6557,9655
6558,7252
6558,8258
6559,8046
6560,7252
6560,8258
6560,9806
6561,7406
6561,8046
6561,9654
6561,9655
6561,9656
6562,6654
6562,7133
6566,9467
6567,9540
6567,9758
6569,7515
6569,9557
6570,9142
6572,6847
6572,7226
6573,7397
6574,8315
6575,6772
6576,8852
6576,9240
6576,9264
6577,6832
6577,8693
6577,9700
6578,9266
6580,8159
6580,9424
6580,9571
6580,9703
6583,6787
6583,6872
6583,6985
6583,7111
6583,7362
6583,7450
6583,7699
6583,7950
6584,9298
6586,6925
6587,7730
6587,8179
6588,7071
6589,8672
6589,8673
6589,9780
6590,7286
6590,8269
6590,9243
6591,6794
6591,6921
6591,7276
6591,7376
6591,8318
6591,8815
6591,8863
6591,8951
6592,9114
6592,9862
6593,7928
6594,6595
6596,7928
6597,6742
6597,7346
6597,8188
6598,8936
6599,6877
6599,8318
6599,8860
6599,9258
6600,6973
6601,6661
6601,8309
6605,6740
6605,6890
6605,8574
6606,7645
6607,6781
6607,7895
6607,9391
6608,8251
6609,6810
6609,8696
6611,7363
6612,8685
6613,9188
6615,7049
6615,7197
6615,8562
6615,9054
6616,6827
6616,8908
6616,8948
6616,9359
6617,7310
6618,6684
6619,6857
6620,6739
6621,6790
6621,9093
6623,6719
6623,7325
6623,7373
6624,7239
6624,9870
6627,8374
6628,8171
6629,8665
6630,6875
6630,7201
6630,8398
6630,8753
6630,9603
6631,8359
6631,8827
6631,9478
6632,6719
6632,7041
6632,8215
6633,9865
6635,6776
6635,7113
6635,7858
6636,6739
6636,7134
6636,7225
6636,7267
6636,7876
6636,9331
6636,9332
6636,9811
6636,9855
6638,9188
6639,9264
6641,8326
6642,7847
6642,8623
6642,9293
6643,8174
6644,9213
6645,6880
6645,6971
6645,7393
6645,8476
6645,8539
6645,8785
6645,9076
6646,8188
6647,6859
6647,7847
6647,7946
6647,7949
6647,9106
6647,9298
6647,9411
6647,9488
6651,6888
6651,7632
6652,7038
6654,8396
6656,7974
6657,7397
6657,9203
6661,8309
6661,8947
6663,7474
6663,9779
6664,6698
6667,6710
6667,6971
6667,7160
6667,7612
6667,7946
6667,8548
6667,8635
6667,9724
6668,8020
6668,9682
6669,9780
6670,7096
6670,9545
6671,7432
6671,8806
6671,8913
6672,7842
6673,6692
6673,7974
6674,6886
6676,8314
6676,9513
6678,8959
6679,7676
6680,9870
6681,7948
6681,8404
6681,8885
6685,7058
6685,9736
6686,6724
6686,7427
6687,6903
6687,7427
6687,7910
6687,8904
6688,8307
6688,8671
6689,7874
6689,8734
6690,7076
6690,8185
6691,9239
6692,6835
6692,6905
6692,9763
6693,9239
6694,7894
6695,8142
6695,8892
6698,8237
6698,8369
6701,6713
6701,6769
6701,7055
6703,7035
6703,8592
6703,9043
6706,9192
6707,7857
6708,8400
6710,7040
6710,7272
6710,7612
6710,9724
6713,6796
6713,7055
6714,6834
6714,6912
6714,6935
6714,7149
6714,7431
6714,7844
6714,8713
6714,8789
6714,9876
6715,8578
6715,9300
6715,9462
6715,9783
6716,8822
6717,8183
6719,6980
6719,7325
6719,8215
6720,6971
6720,7467
6720,7529
6720,7866
6720,8838
6720,8905
6720,8917
6720,9148
6720,9724
6722,7267
6722,7825
6722,8975
6724,8301
6724,9603
6725,9820
6726,9243
6727,9193
6729,7513
6730,8773
6731,6829
6731,7257
6731,7843
6731,9069
6732,9825
6733,6850
6733,7964
6733,8263
6733,8379
6733,9028
6733,9124
6733,9127
6734,7122
6734,8664
6734,9675
6734,9686
6735,6749
6735,7177
6735,8581
6735,8786
6736,7320
6736,9126
6738,7443
6738,7816
6738,8173
6738,8188
6738,8262
6738,9247
6738,9724
6739,9348
6739,9855
6740,6890
6741,7284
6742,6927
6742,7467
6742,9700
6743,6807
6745,6969
6745,7282
6746,6832
6746,7218
6746,7282
6747,7276
6747,8121
6747,8934
6747,9609
6748,9326
6749,7177
6751,8002
6753,6754
6754,8351
6754,8867
6755,9165
6755,9215
6756,6759
6756,7488
6756,8791
6757,7069
6758,8415
6759,7488
6761,8941
6761,8952
6763,7353
6764,7706
6765,8717
6765,9494
6766,7156
6766,7681
6767,7425
6768,7101
6768,7306
6769,7055
6771,8406
6772,7260
6773,8247
6773,9455
6775,7563
6776,7113
6776,7858
6776,8095
6776,8284
6776,8297
6776,8569
6776,9136
6776,9826
6777,9709
6777,9844
6780,8757
6780,9003
6781,7895
6781,9391
6783,7481
6783,7953
6783,8403
6784,7572
6785,8628
6786,6895
6786,7910
6787,6872
6787,6985
6787,7111
6787,7362
6787,7450
6787,7699
6787,7950
6789,9784
6789,9785
6790,9165
6791,7015
6791,7637
6791,8311
6793,6996
6793,9468
6796,8262
6796,9409
6797,9057
6800,9781
6802,7870
6802,9425
6806,9359
6807,7416
6808,8392
6809,7271
6809,8744
6810,7814
6810,8696
6810,9711
6812,9316
6813,7221
6813,7637
6813,7846
6813,8311
6813,9500
6815,9333
6816,6867
6816,7256
6816,7459
6816,8682
6816,9129
6816,9348
6819,7128
6819,7260
6819,8478
6819,9042
6819,9700
6820,8547
6820,8701
6820,8844
6820,9096
6822,8320
6822,9083
6823,6836
6823,7229
6823,7653
6823,8848
6824,8121
6824,9097
6825,9231
6827,7293
6827,7602
6827,8908
6827,8948
6828,6944
6829,7620
6829,7974
6829,8128
6829,8242
6829,9383
6830,7100
6830,7915
6831,8416
6832,6859
6832,7038
6832,7842
6832,8693
6832,9298
6832,9792
6833,8198
6834,8476
6834,8789
6836,7653
6836,8848
6839,7709
6839,8343
6839,9127
6839,9310
6840,9761
6842,6995
6843,9478
6844,7301
6844,9199
6845,6922
6845,7109
6845,7846
6845,9766
6846,7564
6846,8992
6846,9151
6847,7226
6848,7745
6850,8379
6850,8817
6850,9127
6852,7468
6852,9266
6852,9551
6853,7730
6853,9336
6854,7723
6855,7558
6856,6987
6856,7032
6856,7094
6856,8984
6859,7872
6859,7933
6859,7946
6859,8382
6859,9298
6859,9488
6861,7093
6861,7889
6861,7971
6861,9492
6864,9320
6865,7836
6865,8254
6866,7146
6866,8251
6866,8892
6866,9721
6867,7459
6867,7658
6867,8682
6867,9348
6868,9514
6869,7452
6869,7880
6869,7881
6869,8308
6869,8446
6871,9470
6872,6985
6872,7111
6872,7362
6872,7450
6872,7699
6872,7950
6872,8324
6873,8178
6873,9227
6875,6876
6875,8778
6875,9320
6877,8318
6877,8860
6878,8159
6878,8860
6879,6985
6879,8376
6880,6937
6880,7844
6880,7889
6880,8012
6880,8132
6880,8456
6880,8476
6880,8539
6880,8785
6880,8883
6880,8934
6880,9019
6880,9492
6880,9602
6881,8989
6881,9465
6883,6927
6883,8290
6883,8374
6884,8551
6884,9196
6884,9446
6884,9710
6884,9856
6885,9735
6887,8947
6887,9165
6887,9226
6888,7632
6889,8398
6889,9405
6890,7230
6890,7524
6890,8117
6890,8464
6890,8574
6890,8667
6890,9547
6890,9730
6892,9795
6893,7472
6894,7999
6895,8209
6895,8997
6895,9125
6895,9697
6897,7275
6897,9048
6900,7031
6900,7128
6902,7922
6903,8243
6904,8322
6906,7568
6906,8014
6906,8832
6906,9715
6907,7787
6907,8742
6908,6924
6908,9626
6909,7134
6909,9764
6911,9071
6912,7062
6912,7357
6912,7431
6912,7502
6912,7664
6912,7799
6912,7875
6912,7948
6912,8404
6912,8766
6912,8885
6912,8890
6912,9145
6912,9327
6912,9409
6912,9548
6912,9791
6913,9548
6914,7844
6915,7971
6916,7210
6916,7338
6916,8350
6916,9078
6918,7163
6918,7324
6918,7651
6918,8344
6918,8625
6918,9086
6918,9223
6920,7694
6921,7619
6922,7005
6922,7846
6922,9433
6922,9533
6923,7838
6924,7103
6924,7104
6924,7953
6924,8058
6924,8909
6924,8937
6926,7453
6927,7038
6927,7104
6927,7426
6927,8374
6927,8445
6927,9700
6929,8311
6929,9210
6930,8552
6930,8553
6931,8859
6931,8885
6933,7339
6934,8976
6937,8012
6937,8456
6937,9050
6938,9498
6939,8863
6942,7224
6942,7510
6942,8371
6943,7981
6943,8717
6946,9529
6947,8318
6947,9129
6947,9131
6947,9298
6948,9847
6949,7417
6949,7418
6949,8330
6949,9554
6951,8636
6951,8861
6952,8476
6952,8909
6952,9213
6952,9451
6953,7999
6953,8978
6956,9727
6957,8354
6959,7843
6959,7999
6959,8978
6960,8916
6961,6998
6962,7340
6963,7817
6964,7998
6967,9351
6967,9501
6968,9145
6970,7914
6971,7160
6971,7161
6971,7327
6971,7372
6971,7612
6971,7948
6971,8106
6971,8312
6971,8885
6971,8917
6971,9101
6971,9102
6971,9488
6971,9489
6971,9724
6972,8269
6974,7371
6974,7768
6974,9385
6975,7884
6975,8072
6975,9131
6976,8409
6978,8472
6981,9083
6981,9696
6982,7400
6982,9177
6984,8682
6984,9231
6984,9731
6985,7111
6985,7362
6985,7450
6985,7699
6985,7950
6986,8292
6987,8984
6987,9526
6990,9327
6990,9785
6990,9810
6990,9831
6992,8055
6992,9397
6994,9388
6996,7167
6997,8650
6999,9417
7000,8931
7001,8266
7003,8057
7005,7846
7005,8560
7005,9433
7005,9533
7007,8824
7008,8315
7010,9326
7011,9329
7012,8998
7013,9790
7015,7094
7015,8311
7017,7173
7017,7718
7017,9371
7018,8055
7021,7134
7021,8682
7023,8221
7023,9108
7023,9840
7024,7031
7024,7076
7024,8677
7024,8924
7024,9050
7024,9737
7024,9743
7024,9781
7025,7380
7025,7469
7025,9181
7026,7980
7029,7379
7029,7594
7029,7905
7029,8187
7029,9357
7031,9870
7033,8393
7034,7307
7034,7311
7034,7866
7034,8034
7035,7424
7035,7889
7035,8694
7036,9050
7036,9715
7037,8099
7037,8808
7037,9079
7038,7648
7038,7734
7038,7850
7038,8934
7038,9165
7038,9488
7039,7522
7039,9765
7040,7272
7040,9607
7042,7306
7043,8531
7044,7186
7047,9278
7050,9326
7052,9295
7053,7440
7053,7948
7054,7946
7054,8212
7054,8482
7054,8917
7056,8878
7056,8980
7057,8191
7057,8532
7058,7302
7058,7946
7058,8308
7058,8863
7058,9736
7059,7409
7060,9869
7062,7072
7062,7201
7062,7294
7062,8072
7062,8662
7062,9509
7062,9863
7063,8840
7064,8359
7069,8166
7069,8911
7069,9451
7071,7967
7071,8911
7072,7424
7072,8012
7072,8539
7072,8934
7072,9509
7072,9784
7075,7088
7075,7914
7075,8335
7075,8979
7075,9241
7075,9602
7076,7938
7076,9781
7080,8220
7081,8180
7082,7330
7083,9518
7084,7708
7084,7744
7084,8252
7084,8480
7085,7914
7088,7090
7088,7646
7088,7663
7088,7914
7088,8909
7090,7091
7090,7626
7090,7646
7090,9562
7091,7422
7091,7626
7091,8141
7091,8885
7093,8679
7093,8785
7093,9297
7094,7489
7095,7601
7095,9151
7096,8421
7098,7298
7098,8281
7098,8370
7100,7915
7100,8553
7102,8923
7104,7128
7104,7840
7104,8058
7104,8090
7104,8189
7104,8271
7104,8526
7104,8733
7104,8778
7104,9043
7105,7553
7105,8458
7106,7975
7106,8458
7106,8584
7107,7889
7107,8012
7107,9492
7108,8303
7108,9869
7109,7846
7109,8286
7109,9766
7111,7362
7111,7450
7111,7699
7111,7913
7111,7950
7112,7447
7112,8929
7113,7858
7114,9727
7117,8112
7117,8867
7117,9243
7117,9718
7120,9240
7120,9601
7121,8513
7122,7776
7122,9307
7122,9389
7122,9675
7122,9810
7123,7206
7123,8582
7124,7912
7124,9869
7127,8733
7127,9448
7128,7872
7128,8090
7128,8478
7128,9396
7128,9700
7130,8935
7132,9712
7133,7139
7134,8372
7134,8598
7134,8682
7134,9091
7135,7383
7135,9327
7137,8192
7137,8779
7137,9205
7139,7548
7139,7633
7139,7920
7139,8320
7139,8365
7140,7734
7140,7847
7142,8360
7146,7683
7146,8472
7146,9829
7146,9859
7147,9464
7148,7209
7148,7563
7148,7794
7149,8048
7149,8065
7150,7432
7150,7808
7150,8166
7150,8992
7150,9554
7151,7828
7151,7843
7151,8411
7153,8685
7153,8700
7154,7562
7155,7335
7155,7787
7155,8730
7155,9348
7156,7681
7157,8520
7158,8813
7159,7846
7160,7612
7160,7946
7160,8739
7160,9724
7161,8312
7161,9745
7163,8473
7163,9259
7163,9690
7166,8371
7166,8824
7166,8968
7168,8910
7169,8841
7169,9700
7169,9716
7170,7828
7173,7718
7173,7771
7173,7812
7173,8710
7173,8827
7173,9820
7176,7416
7179,8229
7179,8990
7181,9377
7182,8311
7183,9350
7184,8786
7187,7238
7191,7563
7191,9117
7192,7377
7193,7600
7193,8321
7193,8412
7193,8872
7194,8412
7196,8088
7196,8765
7197,8562
7198,7675
7198,7768
7198,7816
7198,9416
7201,7665
7201,8072
7201,8693
7201,8753
7201,9043
7201,9287
7201,9488
7201,9509
7201,9627
7203,7401
7207,7517
7207,7936
7209,7794
7210,7338
7210,9078
7211,7520
7211,7522
7212,7777
7213,8151
7213,9703
7214,9192
7215,7999
7216,7712
7217,8540
7218,7847
7220,8553
7220,8833
7220,9517
7222,7455
7222,9861
7224,7510
7230,9038
7232,9829
7234,7585
7235,9475
7236,8314
7237,9377
7239,9870
7241,7842
7243,7515
7244,9379
7246,7658
7248,7777
7251,8104
7251,8852
7252,8258
7252,8372
7252,9594
7255,8663
7255,9760
7257,9069
7258,7806
7258,8960
7260,7391
7260,8816
7260,8911
7264,7734
7264,9189
7265,7433
7265,7873
7266,9188
7267,7741
7267,7825
7268,9045
7269,8025
7269,9081
7269,9262
7270,9836
7271,8744
7274,9158
7275,8922
7275,9048
7276,8121
7276,8318
7276,8951
7276,9721
7277,9122
7278,8390
7282,8641
7282,8696
7282,9472
7283,9242
7286,9617
7289,7769
7289,9457
7290,8470
7290,9178
7294,8662
7294,9863
7295,9297
7295,9823
7297,7557
7300,7794
7300,7946
7300,8109
7300,8281
7300,8934
7300,9043
7300,9102
7300,9187
7300,9452
7300,9488
7300,9724
7301,8919
7301,9199
7303,7634
7306,9611
7307,7311
7307,7866
7308,8121
7310,8857
7311,7866
7312,8553
7312,9079
7313,8327
7313,8392
7313,9142
7314,8113
7320,9126
7321,9475
7321,9793
7326,7975
7327,8525
7329,9820
7334,8337
7335,7787
7336,8025
7338,9078
7339,8109
7339,9097
7339,9293
7341,9121
7343,8863
7344,8328
7344,8780
7346,7665
7348,7687
7348,9339
7348,9439
7349,9197
7352,8673
7356,8270
7356,9694
7357,7948
7357,8404
7358,9090
7361,7517
7361,8033
7361,8964
7362,7368
7362,7450
7362,7699
7362,7950
7364,8543
7365,7408
7366,7508
7366,8874
7367,7704
7367,7946
7367,8500
7367,8813
7367,8885
7367,9440
7367,9489
7368,8350
7372,8506
7372,8917
7374,9241
7374,9416
7376,8249
7376,8815
7376,8875
7376,8951
7379,7594
7379,7905
7379,8187
7379,9357
7380,7469
7380,8234
7380,8976
7380,9181
7380,9282
7381,7803
7382,8341
7383,9327
7386,9125
7387,9795
7387,9836
7388,7903
7388,8214
7390,7803
7391,7618
7391,7733
7394,8431
7395,8371
7395,8743
7395,9165
7396,8308
7397,8642
7397,9203
7398,7638
7398,7723
7398,9174
7400,9177
7402,8358
7405,7406
7406,7723
7406,7785
7406,8761
7408,8189
7409,7483
7409,7982
7409,8582
7410,9179
7415,8868
7416,8228
7416,8767
7416,9047
7417,9554
7418,8330
7418,9554
7421,7423
7422,7626
7422,8159
7422,8164
7422,9531
7423,9840
7424,7889
7425,7563
7425,9492
7426,7706
7427,7910
7427,8788
7427,8904
7427,9588
7428,8012
7432,8096
7432,8102
7432,8696
7432,8806
7432,8913
7432,9831
7433,7873
7435,7546
7436,7954
7437,9442
7437,9692
7438,7439
7438,7768
7438,9261
7440,7948
7440,8318
7440,8525
7442,8839
7442,9711
7442,9736
7444,8770
7444,8957
7444,9186
7444,9307
7444,9419
7444,9478
7446,7758
7446,9405
7447,8865
7448,7449
7449,8533
7449,9833
7450,7699
7450,7950
7451,8976
7453,9617
7455,9861
7456,9151
7457,7586
7458,7975
7459,7847
7459,8682
7459,9348
7461,7725
7461,8103
7461,8475
7462,8435
7463,7765
7464,9603
7466,7949
7466,7999
7466,8539
7466,8733
7466,8785
7466,8934
7467,7866
7467,7872
7467,9148
7467,9700
7468,9266
7468,9551
7469,8234
7469,9282
7470,8666
7473,7974
7475,7665
7476,9264
7480,9693
7485,7498
7487,8915
7487,9721
7489,8815
7491,8281
7491,8778
7491,9103
7491,9488
7491,9724
7492,7563
7494,7775
7494,7914
7494,8081
7494,8274
7494,9388
7494,9447
7494,9478
7494,9500
7495,7665
7497,8595
7500,9076
7502,7875
7502,8890
7503,8340
7504,9360
7507,7715
7507,7983
7507,8344
7508,8874
7510,8371
7510,9760
7511,7656
7516,7936
7517,7936
7518,8767
7518,9471
7519,7526
7519,8086
7520,7522
7521,8250
7522,7879
7522,9765
7523,9580
7524,8254
7528,8602
7529,7532
7529,8040
7529,9291
7529,9660
7530,8591
7530,8709
7530,9011
7530,9526
7530,9613
7531,9579
7532,8040
7532,9660
7533,8250
7534,8831
7535,8060
7535,8549
7535,8942
7535,9034
7535,9811
7536,7537
7536,7543
7536,7668
7536,8048
7536,8064
7536,8509
7536,8589
7536,8657
7536,8853
7536,9007
7536,9649
7537,8853
7539,8588
7539,8620
7541,8056
7542,7652
7542,8587
7542,8588
7542,8620
7542,8661
7542,9583
7543,8509
7543,8669
7545,9165
7546,7599
7546,9026
7546,9789
7547,9132
7548,9603
7550,7659
7551,9762
7552,8793
7553,8458
7555,8261
7559,7927
7560,9074
7561,8191
7563,8100
7563,8144
7563,8193
7563,9333
7563,9361
7563,9714
7564,9151
7565,8496
7568,8014
7569,7570
7570,8801
7574,9403
7576,8145
7576,8416
7576,8905
7576,8937
7577,9699
7578,8524
7578,9043
7581,9469
7584,7977
7587,7702
7589,9287
7594,7905
7594,8187
7594,9357
7597,9147
7598,9688
7599,9026
7599,9789
7601,7906
7601,9151
7604,8390
7607,7717
7607,7728
7607,7848
7607,8127
7607,9371
7608,9013
7610,8055
7612,8739
7612,9724
7613,8609
7613,9186
7613,9201
7615,7638
7615,8276
7615,9134
7616,7801
7618,8413
7625,8711
7625,8878
7628,8714
7628,9098
7629,8328
7629,8780
7629,9025
7631,8481
7633,8365
7636,7903
7637,8311
7637,8663
7637,9169
7637,9210
7638,7723
7638,8276
7639,9711
7644,8702
7645,7663
7650,7912
7651,8625
7651,9086
7651,9223
7652,8587
7653,7654
7653,8311
7653,8663
7653,9169
7653,9210
7654,8311
7654,9210
7655,7659
7656,8065
7656,8650
7656,9004
7656,9312
7657,9613
7658,7849
7658,8612
7658,8784
7659,8548
7660,8507
7664,8890
7665,7768
7665,8548
7665,8820
7665,9627
7665,9704
7668,8650
7668,9285
7668,9558
7668,9579
7669,9006
7672,8943
7676,8728
7676,8729
7676,9871
7680,8387
7683,7684
7683,9040
7683,9829
7683,9859
7685,9187
7687,7688
7687,7689
7687,7774
7687,9359
7688,7689
7688,8592
7688,9359
7690,8240
7690,9023
7692,9437
7693,8371
7693,8824
7695,9757
7696,8113
7696,9428
7697,9746
7698,8138
7698,8239
7698,8691
7698,9505
7699,7950
7704,8525
7706,9866
7708,8252
7709,9310
7710,7955
7711,8090
7711,8290
7711,8411
7711,8881
7711,9173
7711,9451
7720,8469
7721,7734
7721,8068
7721,8106
7723,7785
7723,8123
7723,8531
7723,8761
7723,8907
7723,9280
7724,9306
7724,9394
7725,8103
7727,7867
7727,8775
7728,9080
7728,9371
7729,8724
7729,9117
7730,8179
7731,8060
7734,7847
7734,8325
7734,8371
7734,9189
7734,9293
7734,9603
7735,7847
7736,9193
7744,8480
7744,8769
7746,8365
7747,7852
7749,8220
7749,8684
7751,9332
7752,7759
7752,9355
7755,8185
7755,9486
7756,8535
7756,9490
7756,9513
7758,8000
7760,9862
7761,9417
7762,8085
7762,8189
7762,8526
7762,8733
7763,8762
7763,8934
7764,8547
7766,9182
7766,9721
7768,7816
7768,7847
7768,8369
7768,9261
7768,9385
7768,9704
7770,8704
7772,7999
7772,8841
7773,9409
7777,9189
7777,9537
7782,8768
7785,7952
7785,8761
7785,8971
7787,8209
7787,8469
7787,8742
7788,8768
7789,8169
7789,9808
7793,7952
7793,7985
7794,7946
7794,9187
7794,9188
7796,8846
7797,7833
7797,9405
7798,8469
7799,9327
7799,9548
7803,8182
7803,9420
7803,9457
7804,9586
7805,8301
7805,9390
7805,9603
7809,8869
7810,9771
7812,8827
7812,9820
7813,9443
7813,9444
7814,8204
7814,9711
7816,8262
7816,9163
7816,9409
7817,9853
7817,9873
7819,9572
7819,9643
7819,9798
7820,9415
7820,9431
7821,8864
7822,9572
7822,9798
7823,8266
7823,8784
7826,8568
7827,8734
7829,8132
7829,8909
7830,9333
7831,9234
7833,8888
7833,9349
7833,9405
7833,9496
7833,9862
7834,8015
7834,9376
7836,8254
7837,7867
7837,8702
7837,8890
7837,8910
7837,9874
7841,9301
7842,8934
7842,9691
7844,7889
7844,9492
7846,8286
7846,8311
7846,8680
7846,9433
7846,9533
7846,9766
7847,8753
7847,9293
7848,7902
7848,9693
7850,7889
7850,8753
7850,9165
7850,9603
7850,9829
7851,9368
7853,8408
7853,8817
7854,8461
7855,9239
7856,7866
7856,8308
7862,9808
7863,8516
7866,8308
7866,9148
7866,9755
7867,8775
7870,9425
7870,9511
7870,9824
7872,7933
7872,8133
7872,8251
7872,9298
7872,9870
7874,8734
7876,9332
7877,8097
7880,7881
7880,8308
7880,8786
7881,8308
7882,8768
7884,7979
7884,8101
7884,9131
7886,8363
7887,8456
7887,9213
7889,7938
7889,8012
7889,8132
7889,8400
7889,8456
7889,8476
7889,8539
7889,8883
7889,8983
7889,9492
7890,8606
7891,8777
7892,9417
7895,9391
7896,8964
7899,9578
7901,8291
7903,8214
7905,8187
7905,9357
7906,9151
7907,8081
7907,8251
7907,8531
7907,8571
7907,8809
7907,9000
7907,9390
7907,9448
7907,9531
7907,9731
7907,9804
7908,7945
7909,8177
7909,8664
7909,8807
7910,8904
7910,8905
7910,9095
7912,7938
7912,9076
7912,9869
7913,7988
7914,7920
7914,7947
7914,8314
7914,8365
7914,9455
7915,9577
7916,9307
7917,9173
7919,8531
7920,8167
7920,8365
7920,8530
7924,9172
7925,8503
7931,8472
7933,8133
7933,9298
7933,9870
7938,8419
7938,8539
7938,9076
7938,9451
7938,9492
7938,9735
7942,9742
7943,8077
7944,9383
7945,9325
7946,8008
7946,8106
7946,8308
7946,8766
7946,8916
7946,8917
7946,9488
7946,9724
7947,9073
7947,9382
7948,8151
7948,8262
7948,8404
7948,8525
7948,8657
7948,8885
7948,9327
7948,9409
7948,9548
7949,8188
7949,8733
7949,8934
7952,8469
7953,8058
7953,8909
7955,8268
7956,8582
7957,8778
7959,8582
7960,8995
7960,9270
7963,7968
7963,8181
7964,8263
7966,8487
7968,8181
7969,8361
7970,8169
7970,9816
7971,9076
7972,8928
7972,9327
7974,8101
7974,8265
7974,8614
7975,8806
7975,8816
7978,8717
7979,8001
7984,9272
7987,9557
7987,9785
7989,9076
7989,9106
7990,9632
7991,9131
7997,8063
7999,8066
7999,8841
7999,8978
7999,9131
8004,8180
8004,9837
8006,8011
8006,9239
8006,9329
8008,9327
8010,9554
8011,9329
8012,8456
8012,8476
8012,8539
8015,9376
8017,8178
8017,8268
8018,8147
8020,9323
8020,9328
8020,9600
8020,9602
8020,9682
8021,8065
8025,8214
8025,8768
8025,8976
8025,9081
8025,9159
8025,9262
8028,9668
8030,8691
8034,8295
8035,8657
8035,8945
8036,9402
8040,9022
8041,9810
8046,8259
8046,9654
8047,9627
8048,8065
8048,8589
8048,9243
8049,9663
8054,8945
8058,9043
8059,8847
8060,8549
8060,8605
8060,9034
8060,9286
8061,8221
8061,9740
8065,8866
8067,9216
8068,8085
8068,8991
8068,9050
8068,9279
8068,9338
8070,8154
8070,9084
8071,9698
8072,9509
8073,8683
8075,8834
8075,9838
8076,8785
8078,8203
8078,8227
8078,9381
8081,9448
8084,8899
8085,8991
8086,9688
8087,9134
8089,9785
8089,9831
8090,9173
8090,9495
8091,8214
8092,8290
8094,8115
8098,8692
8104,8852
8104,9446
8106,8731
8106,8917
8106,9102
8106,9488
8107,9151
8108,8279
8111,8917
8112,9243
8113,9428
8114,8121
8114,9105
8117,8223
8119,8556
8119,8985
8120,8553
8121,9105
8124,8716
8125,8157
8127,8375
8127,8911
8130,8319
8130,9829
8131,8326
8132,8298
8132,8539
8132,9492
8133,9870
8135,9168
8137,9151
8138,8239
8138,8691
8138,9505
8140,9458
8141,8262
8141,8593
8141,8752
8141,8885
8141,9476
8142,8892
8145,8416
8145,9565
8146,9755
8151,9703
8152,9129
8153,8881
8154,9084
8155,9468
8156,8541
8157,8358
8159,8860
8160,9356
8161,9209
8163,8649
8163,9141
8163,9493
8165,9071
8165,9659
8168,9076
8169,9808
8169,9816
8171,8645
8171,9088
8172,9391
8173,9724
8177,8807
8178,8268
8178,8719
8178,8722
8178,9227
8180,9837
8181,8907
8182,8858
8182,9457
8184,8810
8186,9270
8187,9357
8188,8274
8188,8885
8188,9298
8189,8224
8189,8733
8191,8616
8193,9333
8195,8778
8199,9388
8200,8247
8201,8735
8202,9651
8203,8227
8203,9381
8207,8892
8208,8332
8208,9066
8211,9111
8211,9193
8217,8280
8220,8668
8220,8684
8220,9180
8221,9740
8222,9333
8223,9228
8224,9380
8224,9731
8225,8855
8227,9381
8228,8304
8230,9617
8231,9261
8234,9282
8236,9837
8239,8691
8239,9505
8240,8501
8240,8617
8240,9023
8243,9052
8245,8878
8247,8951
8249,8815
8250,9070
8251,8809
8251,8914
8251,8924
8251,9151
8259,9627
8262,8752
8262,9409
8262,9864
8263,9028
8266,8309
8266,9723
8269,8275
8269,8707
8270,9694
8271,9451
8281,8655
8281,8778
8281,8959
8284,8569
8284,8758
8284,8760
8284,9018
8284,9544
8284,9746
8285,9494
8286,8680
8286,9766
8290,8355
8290,8374
8290,8411
8290,8881
8290,9173
8290,9804
8293,9239
8294,8571
8296,8298
8297,9325
8297,9526
8298,9627
8300,8753
8300,9603
8301,8753
8301,8908
8301,9390
8301,9603
8301,9604
8301,9739
8302,9220
8302,9603
8303,8489
8303,9869
8305,9479
8307,8671
8308,8863
8308,9736
8309,8947
8310,8819
8310,8977
8310,9157
8310,9337
8310,9348
8310,9752
8310,9830
8311,8663
8311,8680
8311,9169
8311,9210
8311,9218
8311,9760
8313,8863
8313,9876
8314,8365
8314,8535
8314,9513
8316,8317
8316,9405
8317,9405
8318,8860
8318,8863
8318,8885
8318,8951
8318,9258
8318,9606
8319,8372
8319,9771
8319,9829
8320,8426
8320,9083
8323,8518
8323,8724
8323,9660
8327,9142
8328,8780
8330,9554
8331,8430
8332,9110
8333,9414
8335,8716
8335,9211
8335,9229
8335,9241
8340,8452
8340,8541
8340,9249
8342,8370
8342,9040
8343,9127
8345,8375
8346,9497
8348,9603
8349,8352
8349,9767
8351,9007
8352,9767
8355,8411
8355,8881
8355,9173
8356,8476
8356,9263
8357,9660
8361,8364
8362,8528
8362,9311
8367,9243
8367,9435
8371,8746
8371,8824
8372,8682
8375,8441
8375,8911
8375,9074
8376,8947
8376,9649
8378,9269
8379,9127
8382,9538
8383,9071
8388,8493
8388,9173
8388,9571
8388,9703
8390,9074
8398,9405
8400,8983
8400,9297
8404,8885
8404,8890
8404,9297
8404,9327
8404,9409
8404,9548
8407,9128
8407,9130
8408,8817
8411,8881
8411,9173
8411,9804
8413,9208
8413,9352
8413,9430
8416,8737
8416,8894
8416,9241
8416,9565
8417,9711
8418,9403
8418,9753
8419,8476
8419,9636
8419,9735
8420,9241
8422,8623
8425,9312
8425,9593
8426,9482
8429,9711
8430,9333
8434,9710
8435,9324
8437,8991
8437,9338
8438,8449
8438,9707
8440,8561
8441,8911
8441,9074
8442,8839
8443,8768
8454,9061
8456,9050
8456,9700
8459,8840
8460,9260
8461,9260
8463,9264
8472,9702
8473,9259
8475,9084
8475,9178
8475,9502
8476,8785
8476,8909
8476,9076
8476,9263
8476,9492
8476,9617
8476,9735
8479,8728
8480,9095
8482,8770
8482,8917
8486,9787
8487,9638
8488,9314
8490,9674
8492,8995
8493,9703
8495,9123
8499,8950
8499,9035
8500,9440
8503,9579
8504,8828
8505,8511
8506,8654
8506,9559
8507,8726
8508,9106
8508,9651
8510,9586
8511,9574
8515,9720
8518,8724
8518,8854
8521,9674
8521,9809
8522,9318
8524,8754
8524,9043
8525,8657
8525,9411
8527,9080
8529,9323
8529,9790
8530,9135
8531,9448
8535,8747
8535,9080
8535,9490
8535,9513
8536,8859
8539,8785
8539,8883
8539,9019
8539,9455
8539,9492
8544,9754
8546,8943
8547,8844
8548,9526
8548,9614
8549,9034
8549,9570
8549,9686
8550,9157
8551,9650
8552,8553
8557,8803
8557,8817
8565,9360
8569,8758
8569,8760
8569,9018
8569,9060
8569,9544
8569,9746
8571,9421
8571,9717
8571,9731
8572,9032
8578,9153
8581,8786
8588,8620
8589,8866
8590,8943
8590,9012
8598,8880
8598,9289
8598,9348
8600,8724
8600,8854
8601,8942
8601,9008
8601,9570
8607,9613
8608,8659
8612,8616
8612,8948
8615,8726
8615,9017
8619,9018
8623,9841
8625,9086
8625,9223
8629,9197
8630,9040
8630,9442
8632,8866
8632,9560
8633,8696
8633,9831
8634,9776
8640,8943
8641,9472
8642,9203
8643,8702
8644,9586
8645,9088
8648,9291
8650,9579
8652,8814
8654,8724
8654,9012
8654,9559
8654,9569
8654,9586
8655,8959
8656,8661
8656,9796
8657,8945
8657,9007
8657,9574
8657,9584
8658,9664
8661,8957
8662,9863
8663,8893
8663,9169
8663,9210
8663,9218
8663,9760
8667,9029
8669,9117
8674,8702
8677,9737
8678,8679
8679,8680
8680,9098
8680,9766
8682,8783
8682,9091
8682,9214
8682,9231
8682,9348
8685,8700
8689,9563
8691,9505
8693,9076
8696,8840
8696,9810
8696,9831
8698,9422
8699,9181
8699,9721
8701,8844
8701,9096
8702,9387
8707,8976
8707,9475
8709,9011
8709,9526
8711,8878
8712,8951
8713,8804
8717,9494
8721,8722
8722,8951
8724,8854
8724,9117
8724,9567
8724,9850
8726,9017
8726,9599
8727,9566
8728,8729
8728,9871
8731,8905
8731,8917
8731,9102
8731,9488
8732,8841
8733,9448
8739,9724
8743,9165
8744,8840
8744,9416
8747,9776
8753,8934
8753,9297
8753,9603
8753,9604
8753,9617
8753,9627
8758,8760
8765,9397
8766,8917
8766,9102
8766,9327
8766,9548
8767,9160
8767,9471
8768,9621
8770,9419
8774,8956
8774,9521
8778,9103
8781,9475
8781,9711
8785,9019
8786,9418
8788,8934
8797,8898
8806,8816
8806,8913
8806,9601
8806,9860
8809,9731
8815,8875
8815,8951
8817,9252
8819,9157
8819,9337
8819,9348
8819,9752
8819,9830
8823,9617
8824,8889
8825,9620
8827,9478
8827,9820
8828,9820
8836,8897
8837,8983
8838,9488
8840,8930
8840,9511
8841,9700
8841,9716
8849,9568
8852,8903
8858,9256
8858,9301
8859,8885
8859,9102
8859,9599
8859,9637
8860,9258
8862,8947
8862,9064
8863,9785
8864,8979
8866,8947
8866,9558
8866,9560
8867,9718
8871,9113
8876,8986
8881,9173
8881,9804
8885,8891
8885,8959
8885,9713
8886,9850
8887,9436
8888,9405
8890,9548
8891,9466
8893,9098
8898,9248
8899,9608
8909,9080
8910,9874
8911,9074
8912,9695
8913,9262
8915,9721
8916,8917
8917,9102
8917,9724
8919,9199
8920,9503
8924,9755
8930,9511
8934,9076
8934,9260
8934,9603
8934,9731
8934,9739
8938,9011
8939,9785
8940,9832
8941,9842
8944,9580
8946,9684
8947,9226
8947,9560
8947,9649
8948,9586
8950,9035
8953,9578
8954,8957
8957,9478
8962,9098
8966,9795
8970,9188
8976,9475
8976,9537
8977,9157
8977,9337
8977,9752
8977,9830
8981,9377
8983,9040
8983,9483
8989,9465
8991,9279
8991,9338
8992,9554
8994,9043
8995,9131
8995,9270
8995,9749
9001,9639
9007,9599
9011,9526
9012,9569
9012,9586
9013,9697
9015,9576
9016,9544
9021,9286
9025,9752
9026,9789
9030,9403
9031,9733
9034,9286
9035,9647
9039,9167
9042,9149
9042,9165
9043,9452
9043,9724
9046,9295
9050,9233
9050,9320
9058,9220
9059,9181
9061,9294
9067,9797
9068,9386
9069,9712
9071,9204
9072,9170
9073,9382
9074,9266
9076,9333
9076,9492
9076,9869
9080,9287
9080,9622
9081,9262
9081,9685
9081,9710
9082,9818
9086,9223
9094,9402
9095,9185
9099,9213
9099,9470
9100,9193
9101,9488
9102,9488
9106,9411
9111,9193
9112,9764
9113,9726
9114,9320
9114,9862
9119,9289
9129,9282
9131,9706
9141,9493
9146,9151
9151,9325
9156,9478
9157,9337
9157,9348
9157,9752
9157,9830
9165,9190
9165,9215
9169,9210
9169,9218
9171,9480
9173,9703
9173,9804
9178,9502
9187,9188
9187,9867
9196,9856
9207,9301
9208,9352
9210,9760
9211,9229
9213,9470
9215,9821
9240,9263
9240,9264
9240,9601
9241,9416
9241,9694
9243,9435
9252,9454
9256,9301
9260,9478
9263,9264
9264,9265
9266,9551
9266,9564
9269,9858
9281,9370
9283,9496
9287,9483
9287,9646
9295,9851
9296,9856
9299,9368
9300,9462
9300,9783
9307,9810
9310,9703
9314,9781
9314,9815
9315,9762
9319,9624
9323,9682
9323,9790
9325,9526
9325,9544
9325,9673
9325,9801
9326,9589
9326,9810
9327,9548
9327,9591
9327,9785
9327,9791
9328,9600
9328,9602
9328,9682
9329,9771
9333,9599
9333,9701
9334,9686
9337,9348
9337,9752
9337,9830
9339,9667
9343,9593
9348,9413
9348,9752
9348,9830
9349,9862
9351,9501
9364,9422
9367,9454
9377,9636
9399,9531
9399,9746
9403,9753
9405,9496
9406,9482
9415,9431
9417,9454
9424,9535
9433,9533
9439,9556
9442,9692
9446,9856
9449,9818
9453,9534
9462,9783
9475,9711
9478,9754
9480,9703
9483,9773
9490,9513
9492,9617
9492,9869
9499,9869
9516,9756
9526,9544
9526,9783
9526,9801
9527,9802
9528,9552
9528,9773
9531,9596
9531,9672
9531,9677
9531,9813
9540,9758
9541,9689
9541,9741
9541,9803
9544,9599
9552,9773
9557,9785
9569,9586
9570,9599
9571,9703
9572,9798
9573,9663
9578,9582
9578,9661
9580,9599
9582,9661
9593,9781
9596,9677
9598,9784
9600,9785
9602,9682
9602,9806
9602,9812
9607,9722
9607,9788
9613,9769
9617,9735
9640,9652
9643,9798
9648,9662
9652,9653
9669,9778
9675,9772
9683,9807
9689,9741
9689,9803
9693,9795
9700,9716
9703,9866
9709,9844
9711,9729
9722,9788
9741,9803
9752,9830
9770,9793
9776,9785
9776,9819
9784,9785
9785,9791
9785,9810
9785,9816
9785,9831
9786,9810
9792,9860
9806,9812
9808,9813
9810,9831
9811,9855
9818,9869
9835,9855
9846,9849
